station_name,date,hour,temperature,wind_direction,wind_km/h,precipitation_mm,location
AEROPARQUE,05/AGO/2022,00Hs,5.7,265,4,0.0,-34.57 -58.42
AEROPARQUE,05/AGO/2022,03Hs,5.1,262,5,0.0,-34.57 -58.42
AEROPARQUE,05/AGO/2022,06Hs,4.3,270,6,0.0,-34.57 -58.42
AEROPARQUE,05/AGO/2022,09Hs,6.8,228,4,0.0,-34.57 -58.42
AEROPARQUE,05/AGO/2022,12Hs,14.3,195,4,0.0,-34.57 -58.42
AEROPARQUE,05/AGO/2022,15Hs,14.8,134,7,0.0,-34.57 -58.42
AEROPARQUE,05/AGO/2022,18Hs,9.6,87,7,0.0,-34.57 -58.42
AEROPARQUE,05/AGO/2022,21Hs,8.3,66,6,0.0,-34.57 -58.42
AEROPARQUE,06/AGO/2022,00Hs,7.5,75,8,0.0,-34.57 -58.42
AEROPARQUE,06/AGO/2022,03Hs,6.2,47,7,0.0,-34.57 -58.42
AEROPARQUE,06/AGO/2022,06Hs,4.5,21,6,0.0,-34.57 -58.42
AEROPARQUE,06/AGO/2022,09Hs,7.0,47,6,0.0,-34.57 -58.42
AEROPARQUE,06/AGO/2022,12Hs,12.6,97,9,0.0,-34.57 -58.42
AEROPARQUE,06/AGO/2022,15Hs,12.6,129,13,0.0,-34.57 -58.42
AEROPARQUE,06/AGO/2022,18Hs,10.1,118,17,0.0,-34.57 -58.42
AEROPARQUE,06/AGO/2022,21Hs,10.2,106,18,0.0,-34.57 -58.42
AEROPARQUE,07/AGO/2022,00Hs,9.3,98,17,0.0,-34.57 -58.42
AEROPARQUE,07/AGO/2022,03Hs,8.2,97,15,0.0,-34.57 -58.42
AEROPARQUE,07/AGO/2022,06Hs,7.9,97,15,0.0,-34.57 -58.42
AEROPARQUE,07/AGO/2022,09Hs,9.3,100,17,0.0,-34.57 -58.42
AEROPARQUE,07/AGO/2022,12Hs,12.6,111,19,0.0,-34.57 -58.42
AEROPARQUE,07/AGO/2022,15Hs,12.0,122,20,0.0,-34.57 -58.42
AEROPARQUE,07/AGO/2022,18Hs,9.7,122,20,0.0,-34.57 -58.42
AEROPARQUE,07/AGO/2022,21Hs,9.3,117,20,0.0,-34.57 -58.42
AEROPARQUE,08/AGO/2022,00Hs,8.8,102,16,0.0,-34.57 -58.42
AEROPARQUE,08/AGO/2022,03Hs,8.2,97,15,0.0,-34.57 -58.42
AEROPARQUE,08/AGO/2022,06Hs,8.0,96,14,0.0,-34.57 -58.42
AEROPARQUE,08/AGO/2022,09Hs,9.3,100,16,0.0,-34.57 -58.42
AEROPARQUE,08/AGO/2022,12Hs,12.3,108,17,0.0,-34.57 -58.42
AEROPARQUE,08/AGO/2022,15Hs,12.8,130,18,0.0,-34.57 -58.42
AEROPARQUE,08/AGO/2022,18Hs,11.2,127,19,0.0,-34.57 -58.42
AEROPARQUE,08/AGO/2022,21Hs,11.1,115,20,0.0,-34.57 -58.42
AEROPARQUE,09/AGO/2022,00Hs,10.9,105,13,0.0,-34.57 -58.42
AEROPARQUE,09/AGO/2022,03Hs,10.2,105,11,0.0,-34.57 -58.42
AEROPARQUE,09/AGO/2022,06Hs,9.6,105,9,0.0,-34.57 -58.42
AEROPARQUE,09/AGO/2022,09Hs,10.4,106,13,0.1,-34.57 -58.42
AEROPARQUE,09/AGO/2022,12Hs,13.1,116,16,0.0,-34.57 -58.42
AEROPARQUE,09/AGO/2022,15Hs,13.1,132,18,0.0,-34.57 -58.42
AEROPARQUE,09/AGO/2022,18Hs,10.8,129,17,0.0,-34.57 -58.42
AEROPARQUE,09/AGO/2022,21Hs,10.1,118,16,0.0,-34.57 -58.42
AZUL_AERO,05/AGO/2022,00Hs,4.8,193,11,0.0,-36.83 -59.88
AZUL_AERO,05/AGO/2022,03Hs,3.7,187,9,0.0,-36.83 -59.88
AZUL_AERO,05/AGO/2022,06Hs,2.6,197,8,0.0,-36.83 -59.88
AZUL_AERO,05/AGO/2022,09Hs,4.6,227,3,0.0,-36.83 -59.88
AZUL_AERO,05/AGO/2022,12Hs,12.2,292,10,0.0,-36.83 -59.88
AZUL_AERO,05/AGO/2022,15Hs,14.8,262,12,0.0,-36.83 -59.88
AZUL_AERO,05/AGO/2022,18Hs,10.6,203,8,0.0,-36.83 -59.88
AZUL_AERO,05/AGO/2022,21Hs,7.5,137,7,0.0,-36.83 -59.88
AZUL_AERO,06/AGO/2022,00Hs,7.1,135,11,0.0,-36.83 -59.88
AZUL_AERO,06/AGO/2022,03Hs,4.6,138,11,0.0,-36.83 -59.88
AZUL_AERO,06/AGO/2022,06Hs,3.7,124,12,0.0,-36.83 -59.88
AZUL_AERO,06/AGO/2022,09Hs,4.7,115,13,0.0,-36.83 -59.88
AZUL_AERO,06/AGO/2022,12Hs,9.6,111,18,0.0,-36.83 -59.88
AZUL_AERO,06/AGO/2022,15Hs,11.3,106,16,0.0,-36.83 -59.88
AZUL_AERO,06/AGO/2022,18Hs,9.3,102,12,0.0,-36.83 -59.88
AZUL_AERO,06/AGO/2022,21Hs,6.9,139,17,0.0,-36.83 -59.88
AZUL_AERO,07/AGO/2022,00Hs,5.9,132,14,0.0,-36.83 -59.88
AZUL_AERO,07/AGO/2022,03Hs,5.3,119,15,0.0,-36.83 -59.88
AZUL_AERO,07/AGO/2022,06Hs,4.6,119,12,0.0,-36.83 -59.88
AZUL_AERO,07/AGO/2022,09Hs,5.0,126,15,0.0,-36.83 -59.88
AZUL_AERO,07/AGO/2022,12Hs,9.2,107,16,0.0,-36.83 -59.88
AZUL_AERO,07/AGO/2022,15Hs,10.3,116,16,0.0,-36.83 -59.88
AZUL_AERO,07/AGO/2022,18Hs,8.4,109,12,0.0,-36.83 -59.88
AZUL_AERO,07/AGO/2022,21Hs,5.2,119,10,0.0,-36.83 -59.88
AZUL_AERO,08/AGO/2022,00Hs,4.4,116,14,0.0,-36.83 -59.88
AZUL_AERO,08/AGO/2022,03Hs,2.9,115,11,0.0,-36.83 -59.88
AZUL_AERO,08/AGO/2022,06Hs,1.8,126,10,0.0,-36.83 -59.88
AZUL_AERO,08/AGO/2022,09Hs,2.8,123,13,0.0,-36.83 -59.88
AZUL_AERO,08/AGO/2022,12Hs,8.6,95,16,0.0,-36.83 -59.88
AZUL_AERO,08/AGO/2022,15Hs,10.8,97,14,0.0,-36.83 -59.88
AZUL_AERO,08/AGO/2022,18Hs,8.3,102,9,0.0,-36.83 -59.88
AZUL_AERO,08/AGO/2022,21Hs,4.8,123,9,0.0,-36.83 -59.88
AZUL_AERO,09/AGO/2022,00Hs,4.0,107,11,0.0,-36.83 -59.88
AZUL_AERO,09/AGO/2022,03Hs,2.8,93,10,0.0,-36.83 -59.88
AZUL_AERO,09/AGO/2022,06Hs,2.0,131,9,0.0,-36.83 -59.88
AZUL_AERO,09/AGO/2022,09Hs,3.4,107,7,0.0,-36.83 -59.88
AZUL_AERO,09/AGO/2022,12Hs,10.6,61,12,0.0,-36.83 -59.88
AZUL_AERO,09/AGO/2022,15Hs,12.9,27,10,0.0,-36.83 -59.88
AZUL_AERO,09/AGO/2022,18Hs,10.8,32,10,0.0,-36.83 -59.88
AZUL_AERO,09/AGO/2022,21Hs,7.6,48,10,0.0,-36.83 -59.88
BAHIA_BLANCA_AERO,05/AGO/2022,00Hs,4.1,46,8,0.0,-38.72 -62.17
BAHIA_BLANCA_AERO,05/AGO/2022,03Hs,3.9,17,11,0.0,-38.72 -62.17
BAHIA_BLANCA_AERO,05/AGO/2022,06Hs,3.5,354,12,0.0,-38.72 -62.17
BAHIA_BLANCA_AERO,05/AGO/2022,09Hs,4.4,308,12,0.0,-38.72 -62.17
BAHIA_BLANCA_AERO,05/AGO/2022,12Hs,10.6,261,20,0.0,-38.72 -62.17
BAHIA_BLANCA_AERO,05/AGO/2022,15Hs,11.5,246,21,0.0,-38.72 -62.17
BAHIA_BLANCA_AERO,05/AGO/2022,18Hs,9.1,188,9,0.0,-38.72 -62.17
BAHIA_BLANCA_AERO,05/AGO/2022,21Hs,7.4,349,6,0.0,-38.72 -62.17
BAHIA_BLANCA_AERO,06/AGO/2022,00Hs,6.9,179,9,0.0,-38.72 -62.17
BAHIA_BLANCA_AERO,06/AGO/2022,03Hs,5.7,124,5,0.1,-38.72 -62.17
BAHIA_BLANCA_AERO,06/AGO/2022,06Hs,5.1,144,5,0.3,-38.72 -62.17
BAHIA_BLANCA_AERO,06/AGO/2022,09Hs,5.1,112,5,1.0,-38.72 -62.17
BAHIA_BLANCA_AERO,06/AGO/2022,12Hs,7.5,97,9,0.3,-38.72 -62.17
BAHIA_BLANCA_AERO,06/AGO/2022,15Hs,8.9,143,14,0.0,-38.72 -62.17
BAHIA_BLANCA_AERO,06/AGO/2022,18Hs,6.8,138,16,0.0,-38.72 -62.17
BAHIA_BLANCA_AERO,06/AGO/2022,21Hs,5.1,119,10,0.0,-38.72 -62.17
BAHIA_BLANCA_AERO,07/AGO/2022,00Hs,5.4,115,10,0.0,-38.72 -62.17
BAHIA_BLANCA_AERO,07/AGO/2022,03Hs,5.4,117,14,0.0,-38.72 -62.17
BAHIA_BLANCA_AERO,07/AGO/2022,06Hs,5.2,111,13,0.0,-38.72 -62.17
BAHIA_BLANCA_AERO,07/AGO/2022,09Hs,5.0,104,11,0.0,-38.72 -62.17
BAHIA_BLANCA_AERO,07/AGO/2022,12Hs,7.8,104,16,0.0,-38.72 -62.17
BAHIA_BLANCA_AERO,07/AGO/2022,15Hs,8.8,119,19,0.0,-38.72 -62.17
BAHIA_BLANCA_AERO,07/AGO/2022,18Hs,6.6,121,19,0.0,-38.72 -62.17
BAHIA_BLANCA_AERO,07/AGO/2022,21Hs,6.1,114,12,0.0,-38.72 -62.17
BAHIA_BLANCA_AERO,08/AGO/2022,00Hs,6.5,120,12,0.0,-38.72 -62.17
BAHIA_BLANCA_AERO,08/AGO/2022,03Hs,5.5,86,10,0.0,-38.72 -62.17
BAHIA_BLANCA_AERO,08/AGO/2022,06Hs,2.6,82,10,0.0,-38.72 -62.17
BAHIA_BLANCA_AERO,08/AGO/2022,09Hs,3.6,71,8,0.0,-38.72 -62.17
BAHIA_BLANCA_AERO,08/AGO/2022,12Hs,8.6,85,12,0.0,-38.72 -62.17
BAHIA_BLANCA_AERO,08/AGO/2022,15Hs,10.4,76,10,0.0,-38.72 -62.17
BAHIA_BLANCA_AERO,08/AGO/2022,18Hs,8.8,123,6,0.0,-38.72 -62.17
BAHIA_BLANCA_AERO,08/AGO/2022,21Hs,5.9,111,8,0.0,-38.72 -62.17
BAHIA_BLANCA_AERO,09/AGO/2022,00Hs,6.2,31,2,0.0,-38.72 -62.17
BAHIA_BLANCA_AERO,09/AGO/2022,03Hs,4.0,290,9,0.0,-38.72 -62.17
BAHIA_BLANCA_AERO,09/AGO/2022,06Hs,4.6,310,8,0.0,-38.72 -62.17
BAHIA_BLANCA_AERO,09/AGO/2022,09Hs,5.1,342,9,0.0,-38.72 -62.17
BAHIA_BLANCA_AERO,09/AGO/2022,12Hs,12.1,336,14,0.0,-38.72 -62.17
BAHIA_BLANCA_AERO,09/AGO/2022,15Hs,14.1,336,20,0.0,-38.72 -62.17
BAHIA_BLANCA_AERO,09/AGO/2022,18Hs,11.3,344,13,0.0,-38.72 -62.17
BAHIA_BLANCA_AERO,09/AGO/2022,21Hs,7.7,2,15,0.0,-38.72 -62.17
BARILOCHE_AERO,05/AGO/2022,00Hs,-3.3,278,8,0.0,-41.15 -71.17
BARILOCHE_AERO,05/AGO/2022,03Hs,-2.8,292,8,0.0,-41.15 -71.17
BARILOCHE_AERO,05/AGO/2022,06Hs,-3.7,185,4,0.0,-41.15 -71.17
BARILOCHE_AERO,05/AGO/2022,09Hs,-4.5,153,7,0.0,-41.15 -71.17
BARILOCHE_AERO,05/AGO/2022,12Hs,-0.6,120,8,0.0,-41.15 -71.17
BARILOCHE_AERO,05/AGO/2022,15Hs,1.2,118,9,0.0,-41.15 -71.17
BARILOCHE_AERO,05/AGO/2022,18Hs,0.4,119,10,0.0,-41.15 -71.17
BARILOCHE_AERO,05/AGO/2022,21Hs,-2.1,132,12,0.0,-41.15 -71.17
BARILOCHE_AERO,06/AGO/2022,00Hs,-3.3,124,11,0.2,-41.15 -71.17
BARILOCHE_AERO,06/AGO/2022,03Hs,-2.7,123,13,0.4,-41.15 -71.17
BARILOCHE_AERO,06/AGO/2022,06Hs,-2.9,124,15,0.6,-41.15 -71.17
BARILOCHE_AERO,06/AGO/2022,09Hs,-3.1,123,15,0.9,-41.15 -71.17
BARILOCHE_AERO,06/AGO/2022,12Hs,-2.1,125,17,1.0,-41.15 -71.17
BARILOCHE_AERO,06/AGO/2022,15Hs,-0.5,122,18,0.9,-41.15 -71.17
BARILOCHE_AERO,06/AGO/2022,18Hs,-1.2,125,16,0.6,-41.15 -71.17
BARILOCHE_AERO,06/AGO/2022,21Hs,-1.8,119,16,0.8,-41.15 -71.17
BARILOCHE_AERO,07/AGO/2022,00Hs,-2.1,130,16,0.9,-41.15 -71.17
BARILOCHE_AERO,07/AGO/2022,03Hs,-2.3,133,16,1.0,-41.15 -71.17
BARILOCHE_AERO,07/AGO/2022,06Hs,-2.4,134,15,0.8,-41.15 -71.17
BARILOCHE_AERO,07/AGO/2022,09Hs,-2.3,127,13,2.1,-41.15 -71.17
BARILOCHE_AERO,07/AGO/2022,12Hs,-0.8,132,14,0.9,-41.15 -71.17
BARILOCHE_AERO,07/AGO/2022,15Hs,0.6,117,13,0.3,-41.15 -71.17
BARILOCHE_AERO,07/AGO/2022,18Hs,-0.4,110,10,0.1,-41.15 -71.17
BARILOCHE_AERO,07/AGO/2022,21Hs,-2.9,121,10,0.0,-41.15 -71.17
BARILOCHE_AERO,08/AGO/2022,00Hs,-2.5,134,7,0.1,-41.15 -71.17
BARILOCHE_AERO,08/AGO/2022,03Hs,-3.3,126,5,0.1,-41.15 -71.17
BARILOCHE_AERO,08/AGO/2022,06Hs,-4.0,126,3,0.0,-41.15 -71.17
BARILOCHE_AERO,08/AGO/2022,09Hs,-5.0,120,6,0.0,-41.15 -71.17
BARILOCHE_AERO,08/AGO/2022,12Hs,-0.6,93,4,0.0,-41.15 -71.17
BARILOCHE_AERO,08/AGO/2022,15Hs,0.5,86,4,0.0,-41.15 -71.17
BARILOCHE_AERO,08/AGO/2022,18Hs,0.3,112,5,0.0,-41.15 -71.17
BARILOCHE_AERO,08/AGO/2022,21Hs,-0.9,107,4,0.0,-41.15 -71.17
BARILOCHE_AERO,09/AGO/2022,00Hs,-2.8,114,3,0.0,-41.15 -71.17
BARILOCHE_AERO,09/AGO/2022,03Hs,-3.6,124,5,0.0,-41.15 -71.17
BARILOCHE_AERO,09/AGO/2022,06Hs,-4.0,163,4,0.0,-41.15 -71.17
BARILOCHE_AERO,09/AGO/2022,09Hs,-3.9,168,4,0.0,-41.15 -71.17
BARILOCHE_AERO,09/AGO/2022,12Hs,-0.4,81,0,0.0,-41.15 -71.17
BARILOCHE_AERO,09/AGO/2022,15Hs,2.5,322,3,0.0,-41.15 -71.17
BARILOCHE_AERO,09/AGO/2022,18Hs,2.6,246,3,0.0,-41.15 -71.17
BARILOCHE_AERO,09/AGO/2022,21Hs,-1.0,211,3,0.0,-41.15 -71.17
BENITO_JUAREZ_AERO,05/AGO/2022,00Hs,2.9,202,8,0.0,-37.7 -59.78
BENITO_JUAREZ_AERO,05/AGO/2022,03Hs,2.0,203,6,0.0,-37.7 -59.78
BENITO_JUAREZ_AERO,05/AGO/2022,06Hs,1.5,261,5,0.0,-37.7 -59.78
BENITO_JUAREZ_AERO,05/AGO/2022,09Hs,3.3,318,9,0.0,-37.7 -59.78
BENITO_JUAREZ_AERO,05/AGO/2022,12Hs,10.8,283,13,0.0,-37.7 -59.78
BENITO_JUAREZ_AERO,05/AGO/2022,15Hs,13.3,261,18,0.0,-37.7 -59.78
BENITO_JUAREZ_AERO,05/AGO/2022,18Hs,9.5,206,13,0.0,-37.7 -59.78
BENITO_JUAREZ_AERO,05/AGO/2022,21Hs,6.3,192,9,0.0,-37.7 -59.78
BENITO_JUAREZ_AERO,06/AGO/2022,00Hs,4.5,170,10,0.0,-37.7 -59.78
BENITO_JUAREZ_AERO,06/AGO/2022,03Hs,3.5,145,7,0.0,-37.7 -59.78
BENITO_JUAREZ_AERO,06/AGO/2022,06Hs,4.7,158,12,0.0,-37.7 -59.78
BENITO_JUAREZ_AERO,06/AGO/2022,09Hs,4.5,152,14,0.0,-37.7 -59.78
BENITO_JUAREZ_AERO,06/AGO/2022,12Hs,5.0,144,14,0.4,-37.7 -59.78
BENITO_JUAREZ_AERO,06/AGO/2022,15Hs,7.8,145,12,0.0,-37.7 -59.78
BENITO_JUAREZ_AERO,06/AGO/2022,18Hs,6.8,145,10,0.0,-37.7 -59.78
BENITO_JUAREZ_AERO,06/AGO/2022,21Hs,5.1,145,10,0.0,-37.7 -59.78
BENITO_JUAREZ_AERO,07/AGO/2022,00Hs,4.3,132,10,0.2,-37.7 -59.78
BENITO_JUAREZ_AERO,07/AGO/2022,03Hs,3.8,123,9,0.0,-37.7 -59.78
BENITO_JUAREZ_AERO,07/AGO/2022,06Hs,3.6,137,9,0.0,-37.7 -59.78
BENITO_JUAREZ_AERO,07/AGO/2022,09Hs,4.1,122,13,0.0,-37.7 -59.78
BENITO_JUAREZ_AERO,07/AGO/2022,12Hs,6.1,125,13,0.0,-37.7 -59.78
BENITO_JUAREZ_AERO,07/AGO/2022,15Hs,8.2,123,14,0.0,-37.7 -59.78
BENITO_JUAREZ_AERO,07/AGO/2022,18Hs,7.0,127,14,0.0,-37.7 -59.78
BENITO_JUAREZ_AERO,07/AGO/2022,21Hs,3.5,133,12,0.0,-37.7 -59.78
BENITO_JUAREZ_AERO,08/AGO/2022,00Hs,2.5,104,10,0.0,-37.7 -59.78
BENITO_JUAREZ_AERO,08/AGO/2022,03Hs,0.7,109,10,0.0,-37.7 -59.78
BENITO_JUAREZ_AERO,08/AGO/2022,06Hs,0.5,105,9,0.0,-37.7 -59.78
BENITO_JUAREZ_AERO,08/AGO/2022,09Hs,1.4,103,10,0.0,-37.7 -59.78
BENITO_JUAREZ_AERO,08/AGO/2022,12Hs,7.5,85,13,0.0,-37.7 -59.78
BENITO_JUAREZ_AERO,08/AGO/2022,15Hs,9.8,76,11,0.0,-37.7 -59.78
BENITO_JUAREZ_AERO,08/AGO/2022,18Hs,7.0,60,8,0.0,-37.7 -59.78
BENITO_JUAREZ_AERO,08/AGO/2022,21Hs,4.0,29,5,0.0,-37.7 -59.78
BENITO_JUAREZ_AERO,09/AGO/2022,00Hs,2.3,53,11,0.0,-37.7 -59.78
BENITO_JUAREZ_AERO,09/AGO/2022,03Hs,1.6,39,7,0.0,-37.7 -59.78
BENITO_JUAREZ_AERO,09/AGO/2022,06Hs,1.2,16,6,0.0,-37.7 -59.78
BENITO_JUAREZ_AERO,09/AGO/2022,09Hs,3.0,17,6,0.0,-37.7 -59.78
BENITO_JUAREZ_AERO,09/AGO/2022,12Hs,9.8,11,10,0.0,-37.7 -59.78
BENITO_JUAREZ_AERO,09/AGO/2022,15Hs,12.1,343,9,0.0,-37.7 -59.78
BENITO_JUAREZ_AERO,09/AGO/2022,18Hs,8.9,8,12,0.0,-37.7 -59.78
BENITO_JUAREZ_AERO,09/AGO/2022,21Hs,5.2,2,12,0.0,-37.7 -59.78
BERNARDO_DE_IRIGOYEN_AERO,05/AGO/2022,00Hs,10.5,213,11,0.0,-26.28 -53.67
BERNARDO_DE_IRIGOYEN_AERO,05/AGO/2022,03Hs,10.1,212,9,0.0,-26.28 -53.67
BERNARDO_DE_IRIGOYEN_AERO,05/AGO/2022,06Hs,9.5,199,10,0.0,-26.28 -53.67
BERNARDO_DE_IRIGOYEN_AERO,05/AGO/2022,09Hs,10.5,171,11,0.0,-26.28 -53.67
BERNARDO_DE_IRIGOYEN_AERO,05/AGO/2022,12Hs,16.0,156,9,0.0,-26.28 -53.67
BERNARDO_DE_IRIGOYEN_AERO,05/AGO/2022,15Hs,18.5,171,6,0.0,-26.28 -53.67
BERNARDO_DE_IRIGOYEN_AERO,05/AGO/2022,18Hs,12.2,165,7,0.0,-26.28 -53.67
BERNARDO_DE_IRIGOYEN_AERO,05/AGO/2022,21Hs,8.5,144,6,0.0,-26.28 -53.67
BERNARDO_DE_IRIGOYEN_AERO,06/AGO/2022,00Hs,7.9,135,7,0.0,-26.28 -53.67
BERNARDO_DE_IRIGOYEN_AERO,06/AGO/2022,03Hs,8.0,109,6,0.0,-26.28 -53.67
BERNARDO_DE_IRIGOYEN_AERO,06/AGO/2022,06Hs,8.7,93,6,0.0,-26.28 -53.67
BERNARDO_DE_IRIGOYEN_AERO,06/AGO/2022,09Hs,11.1,349,9,0.6,-26.28 -53.67
BERNARDO_DE_IRIGOYEN_AERO,06/AGO/2022,12Hs,10.2,50,6,18.1,-26.28 -53.67
BERNARDO_DE_IRIGOYEN_AERO,06/AGO/2022,15Hs,11.4,81,4,19.9,-26.28 -53.67
BERNARDO_DE_IRIGOYEN_AERO,06/AGO/2022,18Hs,12.0,76,3,12.6,-26.28 -53.67
BERNARDO_DE_IRIGOYEN_AERO,06/AGO/2022,21Hs,12.5,111,3,25.5,-26.28 -53.67
BERNARDO_DE_IRIGOYEN_AERO,07/AGO/2022,00Hs,12.8,347,6,6.8,-26.28 -53.67
BERNARDO_DE_IRIGOYEN_AERO,07/AGO/2022,03Hs,12.8,323,1,0.0,-26.28 -53.67
BERNARDO_DE_IRIGOYEN_AERO,07/AGO/2022,06Hs,12.9,113,2,0.0,-26.28 -53.67
BERNARDO_DE_IRIGOYEN_AERO,07/AGO/2022,09Hs,13.7,92,2,0.0,-26.28 -53.67
BERNARDO_DE_IRIGOYEN_AERO,07/AGO/2022,12Hs,15.7,9,5,0.1,-26.28 -53.67
BERNARDO_DE_IRIGOYEN_AERO,07/AGO/2022,15Hs,16.4,331,6,0.4,-26.28 -53.67
BERNARDO_DE_IRIGOYEN_AERO,07/AGO/2022,18Hs,14.3,272,4,0.6,-26.28 -53.67
BERNARDO_DE_IRIGOYEN_AERO,07/AGO/2022,21Hs,13.5,237,3,0.1,-26.28 -53.67
BERNARDO_DE_IRIGOYEN_AERO,08/AGO/2022,00Hs,13.5,168,3,0.1,-26.28 -53.67
BERNARDO_DE_IRIGOYEN_AERO,08/AGO/2022,03Hs,13.2,76,3,0.0,-26.28 -53.67
BERNARDO_DE_IRIGOYEN_AERO,08/AGO/2022,06Hs,13.1,143,4,0.0,-26.28 -53.67
BERNARDO_DE_IRIGOYEN_AERO,08/AGO/2022,09Hs,13.6,138,4,0.1,-26.28 -53.67
BERNARDO_DE_IRIGOYEN_AERO,08/AGO/2022,12Hs,17.2,78,6,0.0,-26.28 -53.67
BERNARDO_DE_IRIGOYEN_AERO,08/AGO/2022,15Hs,17.7,14,7,0.7,-26.28 -53.67
BERNARDO_DE_IRIGOYEN_AERO,08/AGO/2022,18Hs,14.0,301,5,3.3,-26.28 -53.67
BERNARDO_DE_IRIGOYEN_AERO,08/AGO/2022,21Hs,13.4,228,4,0.8,-26.28 -53.67
BERNARDO_DE_IRIGOYEN_AERO,09/AGO/2022,00Hs,13.5,180,3,0.1,-26.28 -53.67
BERNARDO_DE_IRIGOYEN_AERO,09/AGO/2022,03Hs,13.4,173,2,0.6,-26.28 -53.67
BERNARDO_DE_IRIGOYEN_AERO,09/AGO/2022,06Hs,13.4,121,4,3.1,-26.28 -53.67
BERNARDO_DE_IRIGOYEN_AERO,09/AGO/2022,09Hs,13.7,182,4,0.6,-26.28 -53.67
BERNARDO_DE_IRIGOYEN_AERO,09/AGO/2022,12Hs,12.7,226,7,0.1,-26.28 -53.67
BERNARDO_DE_IRIGOYEN_AERO,09/AGO/2022,15Hs,10.6,237,19,3.5,-26.28 -53.67
BERNARDO_DE_IRIGOYEN_AERO,09/AGO/2022,18Hs,9.8,247,10,6.2,-26.28 -53.67
BERNARDO_DE_IRIGOYEN_AERO,09/AGO/2022,21Hs,9.1,243,7,2.1,-26.28 -53.67
BOLIVAR_AERO,05/AGO/2022,00Hs,6.0,210,7,0.0,-36.18 -61.07
BOLIVAR_AERO,05/AGO/2022,03Hs,4.4,182,7,0.0,-36.18 -61.07
BOLIVAR_AERO,05/AGO/2022,06Hs,3.4,170,5,0.0,-36.18 -61.07
BOLIVAR_AERO,05/AGO/2022,09Hs,5.4,330,3,0.0,-36.18 -61.07
BOLIVAR_AERO,05/AGO/2022,12Hs,12.9,302,11,0.0,-36.18 -61.07
BOLIVAR_AERO,05/AGO/2022,15Hs,15.9,259,9,0.0,-36.18 -61.07
BOLIVAR_AERO,05/AGO/2022,18Hs,12.1,167,7,0.0,-36.18 -61.07
BOLIVAR_AERO,05/AGO/2022,21Hs,8.7,112,12,0.0,-36.18 -61.07
BOLIVAR_AERO,06/AGO/2022,00Hs,7.6,107,12,0.0,-36.18 -61.07
BOLIVAR_AERO,06/AGO/2022,03Hs,5.0,132,13,0.0,-36.18 -61.07
BOLIVAR_AERO,06/AGO/2022,06Hs,4.1,116,13,0.0,-36.18 -61.07
BOLIVAR_AERO,06/AGO/2022,09Hs,5.2,101,16,0.0,-36.18 -61.07
BOLIVAR_AERO,06/AGO/2022,12Hs,10.4,98,20,0.0,-36.18 -61.07
BOLIVAR_AERO,06/AGO/2022,15Hs,12.5,100,17,0.0,-36.18 -61.07
BOLIVAR_AERO,06/AGO/2022,18Hs,10.2,113,16,0.0,-36.18 -61.07
BOLIVAR_AERO,06/AGO/2022,21Hs,7.7,129,14,0.0,-36.18 -61.07
BOLIVAR_AERO,07/AGO/2022,00Hs,6.7,124,19,0.0,-36.18 -61.07
BOLIVAR_AERO,07/AGO/2022,03Hs,6.0,112,16,0.0,-36.18 -61.07
BOLIVAR_AERO,07/AGO/2022,06Hs,5.4,105,15,0.0,-36.18 -61.07
BOLIVAR_AERO,07/AGO/2022,09Hs,5.5,116,16,0.0,-36.18 -61.07
BOLIVAR_AERO,07/AGO/2022,12Hs,9.8,99,19,0.0,-36.18 -61.07
BOLIVAR_AERO,07/AGO/2022,15Hs,11.8,100,18,0.0,-36.18 -61.07
BOLIVAR_AERO,07/AGO/2022,18Hs,10.1,112,17,0.0,-36.18 -61.07
BOLIVAR_AERO,07/AGO/2022,21Hs,6.3,112,12,0.0,-36.18 -61.07
BOLIVAR_AERO,08/AGO/2022,00Hs,4.7,129,12,0.0,-36.18 -61.07
BOLIVAR_AERO,08/AGO/2022,03Hs,3.6,109,11,0.0,-36.18 -61.07
BOLIVAR_AERO,08/AGO/2022,06Hs,2.1,116,12,0.0,-36.18 -61.07
BOLIVAR_AERO,08/AGO/2022,09Hs,3.6,123,14,0.0,-36.18 -61.07
BOLIVAR_AERO,08/AGO/2022,12Hs,9.3,98,15,0.0,-36.18 -61.07
BOLIVAR_AERO,08/AGO/2022,15Hs,11.4,98,14,0.0,-36.18 -61.07
BOLIVAR_AERO,08/AGO/2022,18Hs,9.1,103,10,0.0,-36.18 -61.07
BOLIVAR_AERO,08/AGO/2022,21Hs,5.4,118,11,0.0,-36.18 -61.07
BOLIVAR_AERO,09/AGO/2022,00Hs,4.2,115,9,0.0,-36.18 -61.07
BOLIVAR_AERO,09/AGO/2022,03Hs,3.1,91,10,0.0,-36.18 -61.07
BOLIVAR_AERO,09/AGO/2022,06Hs,2.8,127,8,0.0,-36.18 -61.07
BOLIVAR_AERO,09/AGO/2022,09Hs,3.8,87,9,0.0,-36.18 -61.07
BOLIVAR_AERO,09/AGO/2022,12Hs,11.3,59,12,0.0,-36.18 -61.07
BOLIVAR_AERO,09/AGO/2022,15Hs,13.4,34,10,0.0,-36.18 -61.07
BOLIVAR_AERO,09/AGO/2022,18Hs,10.6,36,8,0.0,-36.18 -61.07
BOLIVAR_AERO,09/AGO/2022,21Hs,7.2,47,12,0.0,-36.18 -61.07
BUENOS_AIRES,05/AGO/2022,00Hs,5.8,257,6,0.0,-34.58 -58.48
BUENOS_AIRES,05/AGO/2022,03Hs,4.8,257,9,0.0,-34.58 -58.48
BUENOS_AIRES,05/AGO/2022,06Hs,4.1,218,10,0.0,-34.58 -58.48
BUENOS_AIRES,05/AGO/2022,09Hs,5.8,191,8,0.0,-34.58 -58.48
BUENOS_AIRES,05/AGO/2022,12Hs,13.1,253,4,0.0,-34.58 -58.48
BUENOS_AIRES,05/AGO/2022,15Hs,15.4,214,6,0.0,-34.58 -58.48
BUENOS_AIRES,05/AGO/2022,18Hs,11.6,111,5,0.0,-34.58 -58.48
BUENOS_AIRES,05/AGO/2022,21Hs,8.9,73,9,0.0,-34.58 -58.48
BUENOS_AIRES,06/AGO/2022,00Hs,7.5,69,10,0.0,-34.58 -58.48
BUENOS_AIRES,06/AGO/2022,03Hs,6.6,41,9,0.0,-34.58 -58.48
BUENOS_AIRES,06/AGO/2022,06Hs,5.8,19,10,0.0,-34.58 -58.48
BUENOS_AIRES,06/AGO/2022,09Hs,7.2,40,7,0.0,-34.58 -58.48
BUENOS_AIRES,06/AGO/2022,12Hs,13.1,90,11,0.0,-34.58 -58.48
BUENOS_AIRES,06/AGO/2022,15Hs,14.8,86,15,0.0,-34.58 -58.48
BUENOS_AIRES,06/AGO/2022,18Hs,10.7,74,13,0.0,-34.58 -58.48
BUENOS_AIRES,06/AGO/2022,21Hs,8.5,107,17,0.0,-34.58 -58.48
BUENOS_AIRES,07/AGO/2022,00Hs,7.5,113,14,0.0,-34.58 -58.48
BUENOS_AIRES,07/AGO/2022,03Hs,6.3,123,14,0.0,-34.58 -58.48
BUENOS_AIRES,07/AGO/2022,06Hs,5.8,126,15,0.0,-34.58 -58.48
BUENOS_AIRES,07/AGO/2022,09Hs,7.3,127,18,0.0,-34.58 -58.48
BUENOS_AIRES,07/AGO/2022,12Hs,11.7,106,22,0.0,-34.58 -58.48
BUENOS_AIRES,07/AGO/2022,15Hs,13.4,108,21,0.0,-34.58 -58.48
BUENOS_AIRES,07/AGO/2022,18Hs,10.8,108,17,0.0,-34.58 -58.48
BUENOS_AIRES,07/AGO/2022,21Hs,7.0,116,18,0.0,-34.58 -58.48
BUENOS_AIRES,08/AGO/2022,00Hs,5.7,123,15,0.0,-34.58 -58.48
BUENOS_AIRES,08/AGO/2022,03Hs,5.3,135,16,0.0,-34.58 -58.48
BUENOS_AIRES,08/AGO/2022,06Hs,4.6,138,14,0.0,-34.58 -58.48
BUENOS_AIRES,08/AGO/2022,09Hs,6.5,134,17,0.0,-34.58 -58.48
BUENOS_AIRES,08/AGO/2022,12Hs,12.0,101,20,0.0,-34.58 -58.48
BUENOS_AIRES,08/AGO/2022,15Hs,12.5,105,17,0.0,-34.58 -58.48
BUENOS_AIRES,08/AGO/2022,18Hs,10.6,112,13,0.0,-34.58 -58.48
BUENOS_AIRES,08/AGO/2022,21Hs,8.3,128,17,0.0,-34.58 -58.48
BUENOS_AIRES,09/AGO/2022,00Hs,6.2,140,12,0.0,-34.58 -58.48
BUENOS_AIRES,09/AGO/2022,03Hs,5.5,142,13,0.0,-34.58 -58.48
BUENOS_AIRES,09/AGO/2022,06Hs,5.0,139,11,0.0,-34.58 -58.48
BUENOS_AIRES,09/AGO/2022,09Hs,7.1,137,12,0.0,-34.58 -58.48
BUENOS_AIRES,09/AGO/2022,12Hs,13.4,99,18,0.0,-34.58 -58.48
BUENOS_AIRES,09/AGO/2022,15Hs,14.9,99,15,0.0,-34.58 -58.48
BUENOS_AIRES,09/AGO/2022,18Hs,12.1,108,10,0.0,-34.58 -58.48
BUENOS_AIRES,09/AGO/2022,21Hs,7.3,107,12,0.0,-34.58 -58.48
CATAMARCA_AERO,05/AGO/2022,00Hs,11.2,35,9,0.0,-28.6 -65.75
CATAMARCA_AERO,05/AGO/2022,03Hs,10.2,34,11,0.0,-28.6 -65.75
CATAMARCA_AERO,05/AGO/2022,06Hs,9.4,47,12,0.0,-28.6 -65.75
CATAMARCA_AERO,05/AGO/2022,09Hs,10.5,14,4,0.0,-28.6 -65.75
CATAMARCA_AERO,05/AGO/2022,12Hs,16.6,24,1,0.0,-28.6 -65.75
CATAMARCA_AERO,05/AGO/2022,15Hs,20.9,98,6,0.0,-28.6 -65.75
CATAMARCA_AERO,05/AGO/2022,18Hs,19.5,50,20,0.0,-28.6 -65.75
CATAMARCA_AERO,05/AGO/2022,21Hs,14.1,40,17,0.0,-28.6 -65.75
CATAMARCA_AERO,06/AGO/2022,00Hs,13.0,31,13,0.0,-28.6 -65.75
CATAMARCA_AERO,06/AGO/2022,03Hs,10.7,281,6,0.0,-28.6 -65.75
CATAMARCA_AERO,06/AGO/2022,06Hs,7.9,173,1,0.0,-28.6 -65.75
CATAMARCA_AERO,06/AGO/2022,09Hs,10.0,180,4,0.0,-28.6 -65.75
CATAMARCA_AERO,06/AGO/2022,12Hs,14.9,193,10,0.0,-28.6 -65.75
CATAMARCA_AERO,06/AGO/2022,15Hs,18.4,198,13,0.0,-28.6 -65.75
CATAMARCA_AERO,06/AGO/2022,18Hs,18.1,186,8,0.0,-28.6 -65.75
CATAMARCA_AERO,06/AGO/2022,21Hs,11.6,353,2,0.0,-28.6 -65.75
CATAMARCA_AERO,07/AGO/2022,00Hs,10.3,100,7,0.0,-28.6 -65.75
CATAMARCA_AERO,07/AGO/2022,03Hs,8.1,357,6,0.0,-28.6 -65.75
CATAMARCA_AERO,07/AGO/2022,06Hs,6.7,237,8,0.0,-28.6 -65.75
CATAMARCA_AERO,07/AGO/2022,09Hs,8.5,245,3,0.0,-28.6 -65.75
CATAMARCA_AERO,07/AGO/2022,12Hs,13.3,207,11,0.0,-28.6 -65.75
CATAMARCA_AERO,07/AGO/2022,15Hs,16.4,160,9,0.0,-28.6 -65.75
CATAMARCA_AERO,07/AGO/2022,18Hs,16.3,192,12,0.0,-28.6 -65.75
CATAMARCA_AERO,07/AGO/2022,21Hs,11.4,275,8,0.0,-28.6 -65.75
CATAMARCA_AERO,08/AGO/2022,00Hs,8.3,244,26,0.0,-28.6 -65.75
CATAMARCA_AERO,08/AGO/2022,03Hs,7.2,241,26,0.0,-28.6 -65.75
CATAMARCA_AERO,08/AGO/2022,06Hs,6.3,230,21,0.1,-28.6 -65.75
CATAMARCA_AERO,08/AGO/2022,09Hs,5.6,244,23,0.9,-28.6 -65.75
CATAMARCA_AERO,08/AGO/2022,12Hs,5.7,234,22,0.6,-28.6 -65.75
CATAMARCA_AERO,08/AGO/2022,15Hs,7.3,282,13,0.4,-28.6 -65.75
CATAMARCA_AERO,08/AGO/2022,18Hs,9.6,272,10,0.0,-28.6 -65.75
CATAMARCA_AERO,08/AGO/2022,21Hs,7.6,282,9,0.0,-28.6 -65.75
CATAMARCA_AERO,09/AGO/2022,00Hs,7.0,210,14,0.0,-28.6 -65.75
CATAMARCA_AERO,09/AGO/2022,03Hs,5.9,241,24,0.0,-28.6 -65.75
CATAMARCA_AERO,09/AGO/2022,06Hs,5.7,231,15,0.0,-28.6 -65.75
CATAMARCA_AERO,09/AGO/2022,09Hs,5.6,218,4,0.0,-28.6 -65.75
CATAMARCA_AERO,09/AGO/2022,12Hs,10.4,142,10,0.0,-28.6 -65.75
CATAMARCA_AERO,09/AGO/2022,15Hs,13.3,116,9,0.0,-28.6 -65.75
CATAMARCA_AERO,09/AGO/2022,18Hs,13.8,98,6,0.0,-28.6 -65.75
CATAMARCA_AERO,09/AGO/2022,21Hs,8.3,60,7,0.0,-28.6 -65.75
CERES_AERO,05/AGO/2022,00Hs,9.1,64,7,0.0,-29.88 -61.93
CERES_AERO,05/AGO/2022,03Hs,8.3,33,8,0.0,-29.88 -61.93
CERES_AERO,05/AGO/2022,06Hs,7.5,65,8,0.0,-29.88 -61.93
CERES_AERO,05/AGO/2022,09Hs,8.5,89,10,0.0,-29.88 -61.93
CERES_AERO,05/AGO/2022,12Hs,15.1,65,16,0.0,-29.88 -61.93
CERES_AERO,05/AGO/2022,15Hs,17.0,61,16,0.0,-29.88 -61.93
CERES_AERO,05/AGO/2022,18Hs,13.8,86,14,0.0,-29.88 -61.93
CERES_AERO,05/AGO/2022,21Hs,9.5,83,16,0.0,-29.88 -61.93
CERES_AERO,06/AGO/2022,00Hs,7.8,76,14,0.0,-29.88 -61.93
CERES_AERO,06/AGO/2022,03Hs,6.8,82,15,0.0,-29.88 -61.93
CERES_AERO,06/AGO/2022,06Hs,5.5,94,14,0.0,-29.88 -61.93
CERES_AERO,06/AGO/2022,09Hs,7.0,88,14,0.0,-29.88 -61.93
CERES_AERO,06/AGO/2022,12Hs,13.1,86,14,0.0,-29.88 -61.93
CERES_AERO,06/AGO/2022,15Hs,15.5,96,17,0.0,-29.88 -61.93
CERES_AERO,06/AGO/2022,18Hs,13.1,106,17,0.0,-29.88 -61.93
CERES_AERO,06/AGO/2022,21Hs,8.8,104,13,0.0,-29.88 -61.93
CERES_AERO,07/AGO/2022,00Hs,8.5,136,11,0.0,-29.88 -61.93
CERES_AERO,07/AGO/2022,03Hs,6.7,128,12,0.0,-29.88 -61.93
CERES_AERO,07/AGO/2022,06Hs,6.0,134,12,0.0,-29.88 -61.93
CERES_AERO,07/AGO/2022,09Hs,7.3,144,14,0.0,-29.88 -61.93
CERES_AERO,07/AGO/2022,12Hs,13.2,129,16,0.0,-29.88 -61.93
CERES_AERO,07/AGO/2022,15Hs,15.6,131,18,0.0,-29.88 -61.93
CERES_AERO,07/AGO/2022,18Hs,13.7,126,18,0.0,-29.88 -61.93
CERES_AERO,07/AGO/2022,21Hs,10.1,131,18,0.0,-29.88 -61.93
CERES_AERO,08/AGO/2022,00Hs,7.4,133,12,0.0,-29.88 -61.93
CERES_AERO,08/AGO/2022,03Hs,8.9,160,13,0.0,-29.88 -61.93
CERES_AERO,08/AGO/2022,06Hs,9.3,151,15,0.0,-29.88 -61.93
CERES_AERO,08/AGO/2022,09Hs,10.1,147,14,0.1,-29.88 -61.93
CERES_AERO,08/AGO/2022,12Hs,12.1,145,10,0.0,-29.88 -61.93
CERES_AERO,08/AGO/2022,15Hs,13.1,175,15,0.8,-29.88 -61.93
CERES_AERO,08/AGO/2022,18Hs,10.4,174,19,0.8,-29.88 -61.93
CERES_AERO,08/AGO/2022,21Hs,8.8,181,15,0.0,-29.88 -61.93
CERES_AERO,09/AGO/2022,00Hs,8.5,210,13,0.0,-29.88 -61.93
CERES_AERO,09/AGO/2022,03Hs,8.5,210,16,0.0,-29.88 -61.93
CERES_AERO,09/AGO/2022,06Hs,8.5,193,23,0.0,-29.88 -61.93
CERES_AERO,09/AGO/2022,09Hs,8.3,199,25,0.4,-29.88 -61.93
CERES_AERO,09/AGO/2022,12Hs,9.2,184,24,1.1,-29.88 -61.93
CERES_AERO,09/AGO/2022,15Hs,9.5,180,22,0.0,-29.88 -61.93
CERES_AERO,09/AGO/2022,18Hs,9.5,163,19,0.0,-29.88 -61.93
CERES_AERO,09/AGO/2022,21Hs,6.5,177,12,0.0,-29.88 -61.93
CHAMICAL_AERO,05/AGO/2022,00Hs,11.3,104,14,0.0,-30.35 -66.3
CHAMICAL_AERO,05/AGO/2022,03Hs,9.5,109,21,0.0,-30.35 -66.3
CHAMICAL_AERO,05/AGO/2022,06Hs,8.5,112,20,0.0,-30.35 -66.3
CHAMICAL_AERO,05/AGO/2022,09Hs,9.3,106,22,0.0,-30.35 -66.3
CHAMICAL_AERO,05/AGO/2022,12Hs,15.2,88,27,0.0,-30.35 -66.3
CHAMICAL_AERO,05/AGO/2022,15Hs,19.0,61,30,0.0,-30.35 -66.3
CHAMICAL_AERO,05/AGO/2022,18Hs,18.8,72,33,0.0,-30.35 -66.3
CHAMICAL_AERO,05/AGO/2022,21Hs,13.7,98,29,0.0,-30.35 -66.3
CHAMICAL_AERO,06/AGO/2022,00Hs,11.8,102,30,0.0,-30.35 -66.3
CHAMICAL_AERO,06/AGO/2022,03Hs,10.0,109,27,0.0,-30.35 -66.3
CHAMICAL_AERO,06/AGO/2022,06Hs,8.4,119,19,0.0,-30.35 -66.3
CHAMICAL_AERO,06/AGO/2022,09Hs,8.6,126,15,0.0,-30.35 -66.3
CHAMICAL_AERO,06/AGO/2022,12Hs,13.7,118,15,0.0,-30.35 -66.3
CHAMICAL_AERO,06/AGO/2022,15Hs,17.3,96,19,0.0,-30.35 -66.3
CHAMICAL_AERO,06/AGO/2022,18Hs,16.7,91,21,0.0,-30.35 -66.3
CHAMICAL_AERO,06/AGO/2022,21Hs,12.3,119,16,0.0,-30.35 -66.3
CHAMICAL_AERO,07/AGO/2022,00Hs,9.1,151,8,0.0,-30.35 -66.3
CHAMICAL_AERO,07/AGO/2022,03Hs,7.2,98,6,0.0,-30.35 -66.3
CHAMICAL_AERO,07/AGO/2022,06Hs,6.4,141,5,0.0,-30.35 -66.3
CHAMICAL_AERO,07/AGO/2022,09Hs,9.3,151,7,0.0,-30.35 -66.3
CHAMICAL_AERO,07/AGO/2022,12Hs,10.7,89,16,0.0,-30.35 -66.3
CHAMICAL_AERO,07/AGO/2022,15Hs,11.8,104,13,0.0,-30.35 -66.3
CHAMICAL_AERO,07/AGO/2022,18Hs,10.8,211,14,0.0,-30.35 -66.3
CHAMICAL_AERO,07/AGO/2022,21Hs,9.1,208,9,0.0,-30.35 -66.3
CHAMICAL_AERO,08/AGO/2022,00Hs,8.2,218,19,0.1,-30.35 -66.3
CHAMICAL_AERO,08/AGO/2022,03Hs,6.9,204,19,0.9,-30.35 -66.3
CHAMICAL_AERO,08/AGO/2022,06Hs,5.6,204,24,1.2,-30.35 -66.3
CHAMICAL_AERO,08/AGO/2022,09Hs,6.0,206,23,0.1,-30.35 -66.3
CHAMICAL_AERO,08/AGO/2022,12Hs,10.6,211,36,0.0,-30.35 -66.3
CHAMICAL_AERO,08/AGO/2022,15Hs,11.7,205,39,0.0,-30.35 -66.3
CHAMICAL_AERO,08/AGO/2022,18Hs,9.3,199,36,0.0,-30.35 -66.3
CHAMICAL_AERO,08/AGO/2022,21Hs,6.7,189,22,0.0,-30.35 -66.3
CHAMICAL_AERO,09/AGO/2022,00Hs,5.6,197,18,0.0,-30.35 -66.3
CHAMICAL_AERO,09/AGO/2022,03Hs,6.7,212,22,0.0,-30.35 -66.3
CHAMICAL_AERO,09/AGO/2022,06Hs,5.1,202,19,0.0,-30.35 -66.3
CHAMICAL_AERO,09/AGO/2022,09Hs,5.9,187,11,0.0,-30.35 -66.3
CHAMICAL_AERO,09/AGO/2022,12Hs,11.3,274,7,0.0,-30.35 -66.3
CHAMICAL_AERO,09/AGO/2022,15Hs,13.9,333,8,0.0,-30.35 -66.3
CHAMICAL_AERO,09/AGO/2022,18Hs,14.4,49,11,0.0,-30.35 -66.3
CHAMICAL_AERO,09/AGO/2022,21Hs,9.3,78,15,0.0,-30.35 -66.3
CHAPELCO_AERO,05/AGO/2022,00Hs,-0.2,281,9,0.0,-40.08 -71.15
CHAPELCO_AERO,05/AGO/2022,03Hs,-0.0,278,7,0.0,-40.08 -71.15
CHAPELCO_AERO,05/AGO/2022,06Hs,-0.7,280,5,0.0,-40.08 -71.15
CHAPELCO_AERO,05/AGO/2022,09Hs,-1.0,175,4,0.7,-40.08 -71.15
CHAPELCO_AERO,05/AGO/2022,12Hs,-0.1,132,7,0.2,-40.08 -71.15
CHAPELCO_AERO,05/AGO/2022,15Hs,0.7,136,6,0.4,-40.08 -71.15
CHAPELCO_AERO,05/AGO/2022,18Hs,0.5,138,7,0.1,-40.08 -71.15
CHAPELCO_AERO,05/AGO/2022,21Hs,0.7,134,8,0.2,-40.08 -71.15
CHAPELCO_AERO,06/AGO/2022,00Hs,0.2,137,10,1.2,-40.08 -71.15
CHAPELCO_AERO,06/AGO/2022,03Hs,-0.1,146,11,2.4,-40.08 -71.15
CHAPELCO_AERO,06/AGO/2022,06Hs,-0.7,150,13,3.5,-40.08 -71.15
CHAPELCO_AERO,06/AGO/2022,09Hs,-1.1,136,15,3.6,-40.08 -71.15
CHAPELCO_AERO,06/AGO/2022,12Hs,-1.3,115,16,3.7,-40.08 -71.15
CHAPELCO_AERO,06/AGO/2022,15Hs,-1.7,82,23,2.8,-40.08 -71.15
CHAPELCO_AERO,06/AGO/2022,18Hs,-1.9,96,15,2.4,-40.08 -71.15
CHAPELCO_AERO,06/AGO/2022,21Hs,-2.4,108,13,1.9,-40.08 -71.15
CHAPELCO_AERO,07/AGO/2022,00Hs,-2.2,110,15,2.6,-40.08 -71.15
CHAPELCO_AERO,07/AGO/2022,03Hs,-2.1,115,15,2.1,-40.08 -71.15
CHAPELCO_AERO,07/AGO/2022,06Hs,-2.0,126,12,3.5,-40.08 -71.15
CHAPELCO_AERO,07/AGO/2022,09Hs,-1.7,142,10,3.6,-40.08 -71.15
CHAPELCO_AERO,07/AGO/2022,12Hs,-1.1,135,10,1.7,-40.08 -71.15
CHAPELCO_AERO,07/AGO/2022,15Hs,-1.1,135,12,0.6,-40.08 -71.15
CHAPELCO_AERO,07/AGO/2022,18Hs,-1.2,110,11,0.6,-40.08 -71.15
CHAPELCO_AERO,07/AGO/2022,21Hs,-1.4,126,10,0.9,-40.08 -71.15
CHAPELCO_AERO,08/AGO/2022,00Hs,-1.3,136,9,1.3,-40.08 -71.15
CHAPELCO_AERO,08/AGO/2022,03Hs,-1.4,128,7,1.1,-40.08 -71.15
CHAPELCO_AERO,08/AGO/2022,06Hs,-2.0,128,5,0.1,-40.08 -71.15
CHAPELCO_AERO,08/AGO/2022,09Hs,-2.3,148,4,0.0,-40.08 -71.15
CHAPELCO_AERO,08/AGO/2022,12Hs,-1.4,149,5,0.0,-40.08 -71.15
CHAPELCO_AERO,08/AGO/2022,15Hs,-0.8,155,4,0.0,-40.08 -71.15
CHAPELCO_AERO,08/AGO/2022,18Hs,-0.9,175,5,0.0,-40.08 -71.15
CHAPELCO_AERO,08/AGO/2022,21Hs,-1.8,188,3,0.0,-40.08 -71.15
CHAPELCO_AERO,09/AGO/2022,00Hs,-1.6,63,1,0.0,-40.08 -71.15
CHAPELCO_AERO,09/AGO/2022,03Hs,-4.9,305,5,0.0,-40.08 -71.15
CHAPELCO_AERO,09/AGO/2022,06Hs,-6.4,278,5,0.0,-40.08 -71.15
CHAPELCO_AERO,09/AGO/2022,09Hs,-5.0,273,4,0.0,-40.08 -71.15
CHAPELCO_AERO,09/AGO/2022,12Hs,-2.9,10,4,0.0,-40.08 -71.15
CHAPELCO_AERO,09/AGO/2022,15Hs,-1.6,109,2,0.0,-40.08 -71.15
CHAPELCO_AERO,09/AGO/2022,18Hs,-1.3,263,1,0.0,-40.08 -71.15
CHAPELCO_AERO,09/AGO/2022,21Hs,-2.2,349,1,0.0,-40.08 -71.15
CHEPES,05/AGO/2022,00Hs,11.5,354,18,0.0,-31.33 -66.58
CHEPES,05/AGO/2022,03Hs,9.8,10,31,0.0,-31.33 -66.58
CHEPES,05/AGO/2022,06Hs,8.3,12,26,0.0,-31.33 -66.58
CHEPES,05/AGO/2022,09Hs,8.1,13,25,0.0,-31.33 -66.58
CHEPES,05/AGO/2022,12Hs,14.0,25,37,0.0,-31.33 -66.58
CHEPES,05/AGO/2022,15Hs,17.4,24,39,0.0,-31.33 -66.58
CHEPES,05/AGO/2022,18Hs,16.0,31,33,0.0,-31.33 -66.58
CHEPES,05/AGO/2022,21Hs,10.9,11,21,0.0,-31.33 -66.58
CHEPES,06/AGO/2022,00Hs,9.8,12,26,0.0,-31.33 -66.58
CHEPES,06/AGO/2022,03Hs,8.6,2,23,0.0,-31.33 -66.58
CHEPES,06/AGO/2022,06Hs,7.6,5,22,0.0,-31.33 -66.58
CHEPES,06/AGO/2022,09Hs,8.1,6,17,0.0,-31.33 -66.58
CHEPES,06/AGO/2022,12Hs,13.6,21,26,0.0,-31.33 -66.58
CHEPES,06/AGO/2022,15Hs,16.3,35,15,0.0,-31.33 -66.58
CHEPES,06/AGO/2022,18Hs,16.1,48,11,0.0,-31.33 -66.58
CHEPES,06/AGO/2022,21Hs,11.4,351,14,0.0,-31.33 -66.58
CHEPES,07/AGO/2022,00Hs,9.8,292,16,0.0,-31.33 -66.58
CHEPES,07/AGO/2022,03Hs,6.7,255,24,0.0,-31.33 -66.58
CHEPES,07/AGO/2022,06Hs,4.9,250,25,0.0,-31.33 -66.58
CHEPES,07/AGO/2022,09Hs,5.1,245,25,0.0,-31.33 -66.58
CHEPES,07/AGO/2022,12Hs,7.3,236,23,0.0,-31.33 -66.58
CHEPES,07/AGO/2022,15Hs,8.3,226,22,0.5,-31.33 -66.58
CHEPES,07/AGO/2022,18Hs,7.9,229,27,0.0,-31.33 -66.58
CHEPES,07/AGO/2022,21Hs,6.7,239,25,0.7,-31.33 -66.58
CHEPES,08/AGO/2022,00Hs,6.5,236,28,2.0,-31.33 -66.58
CHEPES,08/AGO/2022,03Hs,4.9,242,30,0.6,-31.33 -66.58
CHEPES,08/AGO/2022,06Hs,4.1,245,27,0.6,-31.33 -66.58
CHEPES,08/AGO/2022,09Hs,4.0,246,32,0.0,-31.33 -66.58
CHEPES,08/AGO/2022,12Hs,4.8,245,35,0.0,-31.33 -66.58
CHEPES,08/AGO/2022,15Hs,5.2,236,36,0.0,-31.33 -66.58
CHEPES,08/AGO/2022,18Hs,5.1,238,33,0.0,-31.33 -66.58
CHEPES,08/AGO/2022,21Hs,5.4,234,31,0.0,-31.33 -66.58
CHEPES,09/AGO/2022,00Hs,5.3,247,28,0.0,-31.33 -66.58
CHEPES,09/AGO/2022,03Hs,5.1,238,29,0.0,-31.33 -66.58
CHEPES,09/AGO/2022,06Hs,5.0,242,28,0.0,-31.33 -66.58
CHEPES,09/AGO/2022,09Hs,4.6,246,17,0.0,-31.33 -66.58
CHEPES,09/AGO/2022,12Hs,9.7,204,7,0.0,-31.33 -66.58
CHEPES,09/AGO/2022,15Hs,12.9,83,10,0.0,-31.33 -66.58
CHEPES,09/AGO/2022,18Hs,12.8,53,14,0.0,-31.33 -66.58
CHEPES,09/AGO/2022,21Hs,9.3,37,16,0.0,-31.33 -66.58
CHILECITO_AERO,05/AGO/2022,00Hs,6.0,28,6,0.0,-29.22 -67.45
CHILECITO_AERO,05/AGO/2022,03Hs,4.5,85,3,0.0,-29.22 -67.45
CHILECITO_AERO,05/AGO/2022,06Hs,3.1,80,2,0.0,-29.22 -67.45
CHILECITO_AERO,05/AGO/2022,09Hs,5.5,334,1,0.0,-29.22 -67.45
CHILECITO_AERO,05/AGO/2022,12Hs,11.1,227,7,0.0,-29.22 -67.45
CHILECITO_AERO,05/AGO/2022,15Hs,14.2,216,12,0.0,-29.22 -67.45
CHILECITO_AERO,05/AGO/2022,18Hs,13.3,196,11,0.0,-29.22 -67.45
CHILECITO_AERO,05/AGO/2022,21Hs,7.8,92,3,0.0,-29.22 -67.45
CHILECITO_AERO,06/AGO/2022,00Hs,5.7,298,2,0.0,-29.22 -67.45
CHILECITO_AERO,06/AGO/2022,03Hs,4.2,230,4,0.0,-29.22 -67.45
CHILECITO_AERO,06/AGO/2022,06Hs,2.2,169,5,0.0,-29.22 -67.45
CHILECITO_AERO,06/AGO/2022,09Hs,4.2,22,2,0.0,-29.22 -67.45
CHILECITO_AERO,06/AGO/2022,12Hs,9.7,220,8,0.0,-29.22 -67.45
CHILECITO_AERO,06/AGO/2022,15Hs,13.9,202,17,0.0,-29.22 -67.45
CHILECITO_AERO,06/AGO/2022,18Hs,13.1,193,13,0.0,-29.22 -67.45
CHILECITO_AERO,06/AGO/2022,21Hs,6.3,64,4,0.0,-29.22 -67.45
CHILECITO_AERO,07/AGO/2022,00Hs,4.7,95,5,0.0,-29.22 -67.45
CHILECITO_AERO,07/AGO/2022,03Hs,2.9,217,4,0.0,-29.22 -67.45
CHILECITO_AERO,07/AGO/2022,06Hs,0.9,296,2,0.0,-29.22 -67.45
CHILECITO_AERO,07/AGO/2022,09Hs,2.9,192,1,0.0,-29.22 -67.45
CHILECITO_AERO,07/AGO/2022,12Hs,7.2,194,12,0.0,-29.22 -67.45
CHILECITO_AERO,07/AGO/2022,15Hs,9.4,205,16,0.0,-29.22 -67.45
CHILECITO_AERO,07/AGO/2022,18Hs,7.3,191,16,0.0,-29.22 -67.45
CHILECITO_AERO,07/AGO/2022,21Hs,3.4,203,12,0.0,-29.22 -67.45
CHILECITO_AERO,08/AGO/2022,00Hs,2.2,215,11,0.0,-29.22 -67.45
CHILECITO_AERO,08/AGO/2022,03Hs,1.8,208,11,0.2,-29.22 -67.45
CHILECITO_AERO,08/AGO/2022,06Hs,1.1,214,10,0.6,-29.22 -67.45
CHILECITO_AERO,08/AGO/2022,09Hs,0.9,227,6,0.2,-29.22 -67.45
CHILECITO_AERO,08/AGO/2022,12Hs,2.8,208,7,0.1,-29.22 -67.45
CHILECITO_AERO,08/AGO/2022,15Hs,6.5,185,15,0.0,-29.22 -67.45
CHILECITO_AERO,08/AGO/2022,18Hs,6.0,140,20,0.0,-29.22 -67.45
CHILECITO_AERO,08/AGO/2022,21Hs,2.2,89,9,0.0,-29.22 -67.45
CHILECITO_AERO,09/AGO/2022,00Hs,0.9,166,5,0.0,-29.22 -67.45
CHILECITO_AERO,09/AGO/2022,03Hs,-0.8,230,2,0.0,-29.22 -67.45
CHILECITO_AERO,09/AGO/2022,06Hs,-1.9,45,1,0.0,-29.22 -67.45
CHILECITO_AERO,09/AGO/2022,09Hs,0.9,7,5,0.0,-29.22 -67.45
CHILECITO_AERO,09/AGO/2022,12Hs,6.2,275,6,0.0,-29.22 -67.45
CHILECITO_AERO,09/AGO/2022,15Hs,10.7,221,8,0.0,-29.22 -67.45
CHILECITO_AERO,09/AGO/2022,18Hs,10.4,213,9,0.0,-29.22 -67.45
CHILECITO_AERO,09/AGO/2022,21Hs,5.1,12,4,0.0,-29.22 -67.45
CIPOLLETTI,05/AGO/2022,00Hs,6.9,93,6,0.0,-38.93 -67.98
CIPOLLETTI,05/AGO/2022,03Hs,6.7,38,4,0.0,-38.93 -67.98
CIPOLLETTI,05/AGO/2022,06Hs,7.2,155,11,0.0,-38.93 -67.98
CIPOLLETTI,05/AGO/2022,09Hs,5.7,145,15,0.0,-38.93 -67.98
CIPOLLETTI,05/AGO/2022,12Hs,8.0,143,15,0.0,-38.93 -67.98
CIPOLLETTI,05/AGO/2022,15Hs,9.8,121,14,0.0,-38.93 -67.98
CIPOLLETTI,05/AGO/2022,18Hs,9.5,110,17,0.0,-38.93 -67.98
CIPOLLETTI,05/AGO/2022,21Hs,8.0,112,21,0.0,-38.93 -67.98
CIPOLLETTI,06/AGO/2022,00Hs,4.3,134,27,2.3,-38.93 -67.98
CIPOLLETTI,06/AGO/2022,03Hs,3.0,115,26,3.3,-38.93 -67.98
CIPOLLETTI,06/AGO/2022,06Hs,2.3,111,22,2.2,-38.93 -67.98
CIPOLLETTI,06/AGO/2022,09Hs,2.5,109,23,1.0,-38.93 -67.98
CIPOLLETTI,06/AGO/2022,12Hs,2.2,122,20,1.5,-38.93 -67.98
CIPOLLETTI,06/AGO/2022,15Hs,2.9,124,19,1.9,-38.93 -67.98
CIPOLLETTI,06/AGO/2022,18Hs,2.9,122,22,1.1,-38.93 -67.98
CIPOLLETTI,06/AGO/2022,21Hs,3.0,115,21,0.6,-38.93 -67.98
CIPOLLETTI,07/AGO/2022,00Hs,3.1,107,16,2.1,-38.93 -67.98
CIPOLLETTI,07/AGO/2022,03Hs,3.0,111,22,2.1,-38.93 -67.98
CIPOLLETTI,07/AGO/2022,06Hs,2.9,103,22,1.1,-38.93 -67.98
CIPOLLETTI,07/AGO/2022,09Hs,2.9,108,24,2.0,-38.93 -67.98
CIPOLLETTI,07/AGO/2022,12Hs,3.1,113,24,3.3,-38.93 -67.98
CIPOLLETTI,07/AGO/2022,15Hs,3.1,127,22,3.5,-38.93 -67.98
CIPOLLETTI,07/AGO/2022,18Hs,2.9,122,20,2.8,-38.93 -67.98
CIPOLLETTI,07/AGO/2022,21Hs,3.2,121,15,2.2,-38.93 -67.98
CIPOLLETTI,08/AGO/2022,00Hs,3.8,120,11,1.6,-38.93 -67.98
CIPOLLETTI,08/AGO/2022,03Hs,4.1,99,8,1.8,-38.93 -67.98
CIPOLLETTI,08/AGO/2022,06Hs,4.0,110,11,1.2,-38.93 -67.98
CIPOLLETTI,08/AGO/2022,09Hs,3.7,103,14,0.3,-38.93 -67.98
CIPOLLETTI,08/AGO/2022,12Hs,4.0,91,14,0.2,-38.93 -67.98
CIPOLLETTI,08/AGO/2022,15Hs,4.1,78,9,0.2,-38.93 -67.98
CIPOLLETTI,08/AGO/2022,18Hs,4.5,63,10,0.0,-38.93 -67.98
CIPOLLETTI,08/AGO/2022,21Hs,4.8,55,10,0.0,-38.93 -67.98
CIPOLLETTI,09/AGO/2022,00Hs,5.2,5,10,0.0,-38.93 -67.98
CIPOLLETTI,09/AGO/2022,03Hs,5.0,9,11,0.0,-38.93 -67.98
CIPOLLETTI,09/AGO/2022,06Hs,5.1,18,14,0.0,-38.93 -67.98
CIPOLLETTI,09/AGO/2022,09Hs,3.9,17,18,0.0,-38.93 -67.98
CIPOLLETTI,09/AGO/2022,12Hs,8.8,356,36,0.0,-38.93 -67.98
CIPOLLETTI,09/AGO/2022,15Hs,12.2,354,35,0.0,-38.93 -67.98
CIPOLLETTI,09/AGO/2022,18Hs,12.0,7,28,0.0,-38.93 -67.98
CIPOLLETTI,09/AGO/2022,21Hs,9.0,13,20,0.0,-38.93 -67.98
COMODORO_RIVADAVIA_AERO,05/AGO/2022,00Hs,5.9,228,30,0.0,-45.8 -67.47
COMODORO_RIVADAVIA_AERO,05/AGO/2022,03Hs,5.0,233,31,0.0,-45.8 -67.47
COMODORO_RIVADAVIA_AERO,05/AGO/2022,06Hs,4.6,216,38,0.0,-45.8 -67.47
COMODORO_RIVADAVIA_AERO,05/AGO/2022,09Hs,4.5,208,38,0.0,-45.8 -67.47
COMODORO_RIVADAVIA_AERO,05/AGO/2022,12Hs,5.1,212,36,0.0,-45.8 -67.47
COMODORO_RIVADAVIA_AERO,05/AGO/2022,15Hs,6.0,198,32,0.0,-45.8 -67.47
COMODORO_RIVADAVIA_AERO,05/AGO/2022,18Hs,5.8,186,34,0.0,-45.8 -67.47
COMODORO_RIVADAVIA_AERO,05/AGO/2022,21Hs,5.0,194,30,0.0,-45.8 -67.47
COMODORO_RIVADAVIA_AERO,06/AGO/2022,00Hs,5.0,199,27,0.0,-45.8 -67.47
COMODORO_RIVADAVIA_AERO,06/AGO/2022,03Hs,4.4,197,26,0.0,-45.8 -67.47
COMODORO_RIVADAVIA_AERO,06/AGO/2022,06Hs,3.5,194,22,0.0,-45.8 -67.47
COMODORO_RIVADAVIA_AERO,06/AGO/2022,09Hs,2.9,199,20,0.3,-45.8 -67.47
COMODORO_RIVADAVIA_AERO,06/AGO/2022,12Hs,2.8,202,18,0.6,-45.8 -67.47
COMODORO_RIVADAVIA_AERO,06/AGO/2022,15Hs,3.5,200,15,0.2,-45.8 -67.47
COMODORO_RIVADAVIA_AERO,06/AGO/2022,18Hs,4.2,178,15,0.0,-45.8 -67.47
COMODORO_RIVADAVIA_AERO,06/AGO/2022,21Hs,4.8,199,12,0.0,-45.8 -67.47
COMODORO_RIVADAVIA_AERO,07/AGO/2022,00Hs,5.0,135,7,0.3,-45.8 -67.47
COMODORO_RIVADAVIA_AERO,07/AGO/2022,03Hs,4.8,51,13,0.9,-45.8 -67.47
COMODORO_RIVADAVIA_AERO,07/AGO/2022,06Hs,4.6,43,16,0.8,-45.8 -67.47
COMODORO_RIVADAVIA_AERO,07/AGO/2022,09Hs,4.8,44,22,0.2,-45.8 -67.47
COMODORO_RIVADAVIA_AERO,07/AGO/2022,12Hs,4.6,41,19,0.3,-45.8 -67.47
COMODORO_RIVADAVIA_AERO,07/AGO/2022,15Hs,4.8,49,22,0.1,-45.8 -67.47
COMODORO_RIVADAVIA_AERO,07/AGO/2022,18Hs,4.7,45,19,0.0,-45.8 -67.47
COMODORO_RIVADAVIA_AERO,07/AGO/2022,21Hs,4.8,31,23,0.0,-45.8 -67.47
COMODORO_RIVADAVIA_AERO,08/AGO/2022,00Hs,5.1,21,22,0.0,-45.8 -67.47
COMODORO_RIVADAVIA_AERO,08/AGO/2022,03Hs,4.7,17,18,0.0,-45.8 -67.47
COMODORO_RIVADAVIA_AERO,08/AGO/2022,06Hs,3.9,25,21,0.0,-45.8 -67.47
COMODORO_RIVADAVIA_AERO,08/AGO/2022,09Hs,3.7,15,21,0.0,-45.8 -67.47
COMODORO_RIVADAVIA_AERO,08/AGO/2022,12Hs,4.3,344,22,0.1,-45.8 -67.47
COMODORO_RIVADAVIA_AERO,08/AGO/2022,15Hs,5.7,334,22,0.0,-45.8 -67.47
COMODORO_RIVADAVIA_AERO,08/AGO/2022,18Hs,6.0,326,23,0.0,-45.8 -67.47
COMODORO_RIVADAVIA_AERO,08/AGO/2022,21Hs,6.0,7,16,0.0,-45.8 -67.47
COMODORO_RIVADAVIA_AERO,09/AGO/2022,00Hs,5.9,8,20,0.0,-45.8 -67.47
COMODORO_RIVADAVIA_AERO,09/AGO/2022,03Hs,6.0,1,18,0.0,-45.8 -67.47
COMODORO_RIVADAVIA_AERO,09/AGO/2022,06Hs,6.6,6,20,0.0,-45.8 -67.47
COMODORO_RIVADAVIA_AERO,09/AGO/2022,09Hs,6.5,3,20,0.0,-45.8 -67.47
COMODORO_RIVADAVIA_AERO,09/AGO/2022,12Hs,8.9,306,25,0.0,-45.8 -67.47
COMODORO_RIVADAVIA_AERO,09/AGO/2022,15Hs,10.2,293,47,0.0,-45.8 -67.47
COMODORO_RIVADAVIA_AERO,09/AGO/2022,18Hs,10.0,283,36,0.0,-45.8 -67.47
COMODORO_RIVADAVIA_AERO,09/AGO/2022,21Hs,8.4,261,23,0.0,-45.8 -67.47
CONCORDIA_AERO,05/AGO/2022,00Hs,6.8,184,10,0.0,-31.3 -58.0
CONCORDIA_AERO,05/AGO/2022,03Hs,5.2,189,8,0.0,-31.3 -58.0
CONCORDIA_AERO,05/AGO/2022,06Hs,4.1,174,6,0.0,-31.3 -58.0
CONCORDIA_AERO,05/AGO/2022,09Hs,6.4,142,3,0.0,-31.3 -58.0
CONCORDIA_AERO,05/AGO/2022,12Hs,11.9,170,6,0.0,-31.3 -58.0
CONCORDIA_AERO,05/AGO/2022,15Hs,14.4,164,6,0.0,-31.3 -58.0
CONCORDIA_AERO,05/AGO/2022,18Hs,11.1,115,8,0.0,-31.3 -58.0
CONCORDIA_AERO,05/AGO/2022,21Hs,7.9,98,10,0.0,-31.3 -58.0
CONCORDIA_AERO,06/AGO/2022,00Hs,6.3,85,10,0.0,-31.3 -58.0
CONCORDIA_AERO,06/AGO/2022,03Hs,5.4,70,9,0.0,-31.3 -58.0
CONCORDIA_AERO,06/AGO/2022,06Hs,4.3,80,10,0.0,-31.3 -58.0
CONCORDIA_AERO,06/AGO/2022,09Hs,6.8,95,11,0.0,-31.3 -58.0
CONCORDIA_AERO,06/AGO/2022,12Hs,12.7,92,17,0.0,-31.3 -58.0
CONCORDIA_AERO,06/AGO/2022,15Hs,14.2,80,18,0.0,-31.3 -58.0
CONCORDIA_AERO,06/AGO/2022,18Hs,11.0,111,10,0.0,-31.3 -58.0
CONCORDIA_AERO,06/AGO/2022,21Hs,8.9,112,14,0.0,-31.3 -58.0
CONCORDIA_AERO,07/AGO/2022,00Hs,7.6,108,15,0.0,-31.3 -58.0
CONCORDIA_AERO,07/AGO/2022,03Hs,6.3,129,12,0.0,-31.3 -58.0
CONCORDIA_AERO,07/AGO/2022,06Hs,4.9,118,14,0.0,-31.3 -58.0
CONCORDIA_AERO,07/AGO/2022,09Hs,7.1,115,17,0.0,-31.3 -58.0
CONCORDIA_AERO,07/AGO/2022,12Hs,11.2,103,20,0.0,-31.3 -58.0
CONCORDIA_AERO,07/AGO/2022,15Hs,12.3,127,16,0.0,-31.3 -58.0
CONCORDIA_AERO,07/AGO/2022,18Hs,11.2,133,16,0.1,-31.3 -58.0
CONCORDIA_AERO,07/AGO/2022,21Hs,10.5,119,21,0.0,-31.3 -58.0
CONCORDIA_AERO,08/AGO/2022,00Hs,10.2,111,20,0.0,-31.3 -58.0
CONCORDIA_AERO,08/AGO/2022,03Hs,9.2,118,16,0.2,-31.3 -58.0
CONCORDIA_AERO,08/AGO/2022,06Hs,8.6,127,16,0.0,-31.3 -58.0
CONCORDIA_AERO,08/AGO/2022,09Hs,8.5,127,16,0.1,-31.3 -58.0
CONCORDIA_AERO,08/AGO/2022,12Hs,9.6,118,16,0.1,-31.3 -58.0
CONCORDIA_AERO,08/AGO/2022,15Hs,8.9,136,11,2.4,-31.3 -58.0
CONCORDIA_AERO,08/AGO/2022,18Hs,8.7,143,14,3.6,-31.3 -58.0
CONCORDIA_AERO,08/AGO/2022,21Hs,9.3,140,15,2.2,-31.3 -58.0
CONCORDIA_AERO,09/AGO/2022,00Hs,9.3,141,17,2.4,-31.3 -58.0
CONCORDIA_AERO,09/AGO/2022,03Hs,8.8,154,18,4.1,-31.3 -58.0
CONCORDIA_AERO,09/AGO/2022,06Hs,8.5,153,19,2.1,-31.3 -58.0
CONCORDIA_AERO,09/AGO/2022,09Hs,8.4,145,20,3.0,-31.3 -58.0
CONCORDIA_AERO,09/AGO/2022,12Hs,8.4,143,20,4.4,-31.3 -58.0
CONCORDIA_AERO,09/AGO/2022,15Hs,8.6,146,19,2.3,-31.3 -58.0
CONCORDIA_AERO,09/AGO/2022,18Hs,8.9,182,16,0.3,-31.3 -58.0
CONCORDIA_AERO,09/AGO/2022,21Hs,9.7,170,19,0.0,-31.3 -58.0
CORDOBA_AERO,05/AGO/2022,00Hs,10.0,17,7,0.0,-31.3 -64.22
CORDOBA_AERO,05/AGO/2022,03Hs,9.0,2,8,0.0,-31.3 -64.22
CORDOBA_AERO,05/AGO/2022,06Hs,7.9,15,7,0.0,-31.3 -64.22
CORDOBA_AERO,05/AGO/2022,09Hs,8.5,7,7,0.0,-31.3 -64.22
CORDOBA_AERO,05/AGO/2022,12Hs,15.3,23,20,0.0,-31.3 -64.22
CORDOBA_AERO,05/AGO/2022,15Hs,17.8,32,24,0.0,-31.3 -64.22
CORDOBA_AERO,05/AGO/2022,18Hs,15.3,42,23,0.0,-31.3 -64.22
CORDOBA_AERO,05/AGO/2022,21Hs,10.7,35,14,0.0,-31.3 -64.22
CORDOBA_AERO,06/AGO/2022,00Hs,8.4,17,8,0.0,-31.3 -64.22
CORDOBA_AERO,06/AGO/2022,03Hs,7.4,19,6,0.0,-31.3 -64.22
CORDOBA_AERO,06/AGO/2022,06Hs,6.2,23,7,0.0,-31.3 -64.22
CORDOBA_AERO,06/AGO/2022,09Hs,6.7,25,7,0.0,-31.3 -64.22
CORDOBA_AERO,06/AGO/2022,12Hs,12.7,31,13,0.0,-31.3 -64.22
CORDOBA_AERO,06/AGO/2022,15Hs,13.9,49,16,0.0,-31.3 -64.22
CORDOBA_AERO,06/AGO/2022,18Hs,12.4,64,12,0.0,-31.3 -64.22
CORDOBA_AERO,06/AGO/2022,21Hs,9.9,41,4,0.0,-31.3 -64.22
CORDOBA_AERO,07/AGO/2022,00Hs,9.6,262,7,0.0,-31.3 -64.22
CORDOBA_AERO,07/AGO/2022,03Hs,9.5,138,2,0.0,-31.3 -64.22
CORDOBA_AERO,07/AGO/2022,06Hs,9.0,132,5,0.0,-31.3 -64.22
CORDOBA_AERO,07/AGO/2022,09Hs,7.6,103,4,0.0,-31.3 -64.22
CORDOBA_AERO,07/AGO/2022,12Hs,11.6,113,10,0.0,-31.3 -64.22
CORDOBA_AERO,07/AGO/2022,15Hs,13.6,86,11,0.0,-31.3 -64.22
CORDOBA_AERO,07/AGO/2022,18Hs,12.9,106,13,0.0,-31.3 -64.22
CORDOBA_AERO,07/AGO/2022,21Hs,11.1,95,12,0.0,-31.3 -64.22
CORDOBA_AERO,08/AGO/2022,00Hs,10.1,134,5,0.0,-31.3 -64.22
CORDOBA_AERO,08/AGO/2022,03Hs,8.0,52,5,0.0,-31.3 -64.22
CORDOBA_AERO,08/AGO/2022,06Hs,7.2,140,5,0.9,-31.3 -64.22
CORDOBA_AERO,08/AGO/2022,09Hs,7.4,173,8,1.2,-31.3 -64.22
CORDOBA_AERO,08/AGO/2022,12Hs,7.9,162,12,0.5,-31.3 -64.22
CORDOBA_AERO,08/AGO/2022,15Hs,7.9,152,16,0.2,-31.3 -64.22
CORDOBA_AERO,08/AGO/2022,18Hs,6.7,163,18,0.2,-31.3 -64.22
CORDOBA_AERO,08/AGO/2022,21Hs,5.8,179,17,0.2,-31.3 -64.22
CORDOBA_AERO,09/AGO/2022,00Hs,5.1,201,17,0.5,-31.3 -64.22
CORDOBA_AERO,09/AGO/2022,03Hs,5.2,234,14,0.9,-31.3 -64.22
CORDOBA_AERO,09/AGO/2022,06Hs,6.1,209,12,0.0,-31.3 -64.22
CORDOBA_AERO,09/AGO/2022,09Hs,6.8,198,14,0.0,-31.3 -64.22
CORDOBA_AERO,09/AGO/2022,12Hs,9.4,188,11,0.0,-31.3 -64.22
CORDOBA_AERO,09/AGO/2022,15Hs,11.7,149,9,0.0,-31.3 -64.22
CORDOBA_AERO,09/AGO/2022,18Hs,10.6,99,12,0.0,-31.3 -64.22
CORDOBA_AERO,09/AGO/2022,21Hs,7.2,17,5,0.0,-31.3 -64.22
CORDOBA_OBSERVATORIO,05/AGO/2022,00Hs,10.0,17,7,0.0,-31.3 -64.22
CORDOBA_OBSERVATORIO,05/AGO/2022,03Hs,9.0,2,8,0.0,-31.3 -64.22
CORDOBA_OBSERVATORIO,05/AGO/2022,06Hs,7.9,15,7,0.0,-31.3 -64.22
CORDOBA_OBSERVATORIO,05/AGO/2022,09Hs,8.5,7,7,0.0,-31.3 -64.22
CORDOBA_OBSERVATORIO,05/AGO/2022,12Hs,15.3,23,20,0.0,-31.3 -64.22
CORDOBA_OBSERVATORIO,05/AGO/2022,15Hs,17.8,32,24,0.0,-31.3 -64.22
CORDOBA_OBSERVATORIO,05/AGO/2022,18Hs,15.3,42,23,0.0,-31.3 -64.22
CORDOBA_OBSERVATORIO,05/AGO/2022,21Hs,10.7,35,14,0.0,-31.3 -64.22
CORDOBA_OBSERVATORIO,06/AGO/2022,00Hs,8.4,17,8,0.0,-31.3 -64.22
CORDOBA_OBSERVATORIO,06/AGO/2022,03Hs,7.4,19,6,0.0,-31.3 -64.22
CORDOBA_OBSERVATORIO,06/AGO/2022,06Hs,6.2,23,7,0.0,-31.3 -64.22
CORDOBA_OBSERVATORIO,06/AGO/2022,09Hs,6.7,25,7,0.0,-31.3 -64.22
CORDOBA_OBSERVATORIO,06/AGO/2022,12Hs,12.7,31,13,0.0,-31.3 -64.22
CORDOBA_OBSERVATORIO,06/AGO/2022,15Hs,13.9,49,16,0.0,-31.3 -64.22
CORDOBA_OBSERVATORIO,06/AGO/2022,18Hs,12.4,64,12,0.0,-31.3 -64.22
CORDOBA_OBSERVATORIO,06/AGO/2022,21Hs,9.9,41,4,0.0,-31.3 -64.22
CORDOBA_OBSERVATORIO,07/AGO/2022,00Hs,9.6,262,7,0.0,-31.3 -64.22
CORDOBA_OBSERVATORIO,07/AGO/2022,03Hs,9.5,138,2,0.0,-31.3 -64.22
CORDOBA_OBSERVATORIO,07/AGO/2022,06Hs,9.0,132,5,0.0,-31.3 -64.22
CORDOBA_OBSERVATORIO,07/AGO/2022,09Hs,7.6,103,4,0.0,-31.3 -64.22
CORDOBA_OBSERVATORIO,07/AGO/2022,12Hs,11.6,113,10,0.0,-31.3 -64.22
CORDOBA_OBSERVATORIO,07/AGO/2022,15Hs,13.6,86,11,0.0,-31.3 -64.22
CORDOBA_OBSERVATORIO,07/AGO/2022,18Hs,12.9,106,13,0.0,-31.3 -64.22
CORDOBA_OBSERVATORIO,07/AGO/2022,21Hs,11.1,95,12,0.0,-31.3 -64.22
CORDOBA_OBSERVATORIO,08/AGO/2022,00Hs,10.1,134,5,0.0,-31.3 -64.22
CORDOBA_OBSERVATORIO,08/AGO/2022,03Hs,8.0,52,5,0.0,-31.3 -64.22
CORDOBA_OBSERVATORIO,08/AGO/2022,06Hs,7.2,140,5,0.9,-31.3 -64.22
CORDOBA_OBSERVATORIO,08/AGO/2022,09Hs,7.4,173,8,1.2,-31.3 -64.22
CORDOBA_OBSERVATORIO,08/AGO/2022,12Hs,7.9,162,12,0.5,-31.3 -64.22
CORDOBA_OBSERVATORIO,08/AGO/2022,15Hs,7.9,152,16,0.2,-31.3 -64.22
CORDOBA_OBSERVATORIO,08/AGO/2022,18Hs,6.7,163,18,0.2,-31.3 -64.22
CORDOBA_OBSERVATORIO,08/AGO/2022,21Hs,5.8,179,17,0.2,-31.3 -64.22
CORDOBA_OBSERVATORIO,09/AGO/2022,00Hs,5.1,201,17,0.5,-31.3 -64.22
CORDOBA_OBSERVATORIO,09/AGO/2022,03Hs,5.2,234,14,0.9,-31.3 -64.22
CORDOBA_OBSERVATORIO,09/AGO/2022,06Hs,6.1,209,12,0.0,-31.3 -64.22
CORDOBA_OBSERVATORIO,09/AGO/2022,09Hs,6.8,198,14,0.0,-31.3 -64.22
CORDOBA_OBSERVATORIO,09/AGO/2022,12Hs,9.4,188,11,0.0,-31.3 -64.22
CORDOBA_OBSERVATORIO,09/AGO/2022,15Hs,11.7,149,9,0.0,-31.3 -64.22
CORDOBA_OBSERVATORIO,09/AGO/2022,18Hs,10.6,99,12,0.0,-31.3 -64.22
CORDOBA_OBSERVATORIO,09/AGO/2022,21Hs,7.2,17,5,0.0,-31.3 -64.22
CORONEL_PRINGLES_AERO,05/AGO/2022,00Hs,2.7,184,8,0.0,-38.0 -61.33
CORONEL_PRINGLES_AERO,05/AGO/2022,03Hs,2.0,241,3,0.0,-38.0 -61.33
CORONEL_PRINGLES_AERO,05/AGO/2022,06Hs,1.6,318,7,0.0,-38.0 -61.33
CORONEL_PRINGLES_AERO,05/AGO/2022,09Hs,3.1,307,11,0.0,-38.0 -61.33
CORONEL_PRINGLES_AERO,05/AGO/2022,12Hs,12.0,275,16,0.0,-38.0 -61.33
CORONEL_PRINGLES_AERO,05/AGO/2022,15Hs,12.8,247,20,0.0,-38.0 -61.33
CORONEL_PRINGLES_AERO,05/AGO/2022,18Hs,8.0,198,18,0.0,-38.0 -61.33
CORONEL_PRINGLES_AERO,05/AGO/2022,21Hs,6.1,205,11,0.0,-38.0 -61.33
CORONEL_PRINGLES_AERO,06/AGO/2022,00Hs,4.3,168,11,0.0,-38.0 -61.33
CORONEL_PRINGLES_AERO,06/AGO/2022,03Hs,5.2,169,10,0.0,-38.0 -61.33
CORONEL_PRINGLES_AERO,06/AGO/2022,06Hs,3.9,154,13,0.2,-38.0 -61.33
CORONEL_PRINGLES_AERO,06/AGO/2022,09Hs,3.4,150,13,0.9,-38.0 -61.33
CORONEL_PRINGLES_AERO,06/AGO/2022,12Hs,4.5,133,15,1.7,-38.0 -61.33
CORONEL_PRINGLES_AERO,06/AGO/2022,15Hs,6.4,150,13,0.0,-38.0 -61.33
CORONEL_PRINGLES_AERO,06/AGO/2022,18Hs,5.6,148,7,0.0,-38.0 -61.33
CORONEL_PRINGLES_AERO,06/AGO/2022,21Hs,4.9,144,11,0.1,-38.0 -61.33
CORONEL_PRINGLES_AERO,07/AGO/2022,00Hs,4.1,131,13,1.5,-38.0 -61.33
CORONEL_PRINGLES_AERO,07/AGO/2022,03Hs,3.7,139,11,0.4,-38.0 -61.33
CORONEL_PRINGLES_AERO,07/AGO/2022,06Hs,4.0,139,11,0.0,-38.0 -61.33
CORONEL_PRINGLES_AERO,07/AGO/2022,09Hs,3.7,129,12,0.0,-38.0 -61.33
CORONEL_PRINGLES_AERO,07/AGO/2022,12Hs,5.6,125,13,0.0,-38.0 -61.33
CORONEL_PRINGLES_AERO,07/AGO/2022,15Hs,7.3,131,15,0.0,-38.0 -61.33
CORONEL_PRINGLES_AERO,07/AGO/2022,18Hs,6.3,136,14,0.0,-38.0 -61.33
CORONEL_PRINGLES_AERO,07/AGO/2022,21Hs,4.8,136,15,0.0,-38.0 -61.33
CORONEL_PRINGLES_AERO,08/AGO/2022,00Hs,2.3,130,9,0.0,-38.0 -61.33
CORONEL_PRINGLES_AERO,08/AGO/2022,03Hs,1.9,128,8,0.0,-38.0 -61.33
CORONEL_PRINGLES_AERO,08/AGO/2022,06Hs,1.7,109,8,0.0,-38.0 -61.33
CORONEL_PRINGLES_AERO,08/AGO/2022,09Hs,2.3,114,8,0.0,-38.0 -61.33
CORONEL_PRINGLES_AERO,08/AGO/2022,12Hs,6.9,90,11,0.0,-38.0 -61.33
CORONEL_PRINGLES_AERO,08/AGO/2022,15Hs,8.9,85,9,0.0,-38.0 -61.33
CORONEL_PRINGLES_AERO,08/AGO/2022,18Hs,7.5,94,5,0.0,-38.0 -61.33
CORONEL_PRINGLES_AERO,08/AGO/2022,21Hs,5.5,110,2,0.0,-38.0 -61.33
CORONEL_PRINGLES_AERO,09/AGO/2022,00Hs,3.3,360,4,0.0,-38.0 -61.33
CORONEL_PRINGLES_AERO,09/AGO/2022,03Hs,1.9,28,8,0.0,-38.0 -61.33
CORONEL_PRINGLES_AERO,09/AGO/2022,06Hs,1.6,354,7,0.0,-38.0 -61.33
CORONEL_PRINGLES_AERO,09/AGO/2022,09Hs,3.5,8,9,0.0,-38.0 -61.33
CORONEL_PRINGLES_AERO,09/AGO/2022,12Hs,10.0,337,10,0.0,-38.0 -61.33
CORONEL_PRINGLES_AERO,09/AGO/2022,15Hs,12.1,351,16,0.0,-38.0 -61.33
CORONEL_PRINGLES_AERO,09/AGO/2022,18Hs,9.0,359,12,0.0,-38.0 -61.33
CORONEL_PRINGLES_AERO,09/AGO/2022,21Hs,5.1,351,13,0.0,-38.0 -61.33
CORONEL_SUAREZ_AERO,05/AGO/2022,00Hs,4.3,178,7,0.0,-38.0 -61.33
CORONEL_SUAREZ_AERO,05/AGO/2022,03Hs,2.3,142,6,0.0,-38.0 -61.33
CORONEL_SUAREZ_AERO,05/AGO/2022,06Hs,1.9,13,3,0.0,-38.0 -61.33
CORONEL_SUAREZ_AERO,05/AGO/2022,09Hs,3.8,300,7,0.0,-38.0 -61.33
CORONEL_SUAREZ_AERO,05/AGO/2022,12Hs,11.4,289,13,0.0,-38.0 -61.33
CORONEL_SUAREZ_AERO,05/AGO/2022,15Hs,13.6,256,13,0.0,-38.0 -61.33
CORONEL_SUAREZ_AERO,05/AGO/2022,18Hs,10.0,184,11,0.0,-38.0 -61.33
CORONEL_SUAREZ_AERO,05/AGO/2022,21Hs,6.7,150,11,0.0,-38.0 -61.33
CORONEL_SUAREZ_AERO,06/AGO/2022,00Hs,6.2,136,17,0.0,-38.0 -61.33
CORONEL_SUAREZ_AERO,06/AGO/2022,03Hs,5.2,141,16,0.0,-38.0 -61.33
CORONEL_SUAREZ_AERO,06/AGO/2022,06Hs,4.1,140,16,0.0,-38.0 -61.33
CORONEL_SUAREZ_AERO,06/AGO/2022,09Hs,4.4,130,19,0.0,-38.0 -61.33
CORONEL_SUAREZ_AERO,06/AGO/2022,12Hs,6.4,116,21,0.0,-38.0 -61.33
CORONEL_SUAREZ_AERO,06/AGO/2022,15Hs,8.9,112,17,0.0,-38.0 -61.33
CORONEL_SUAREZ_AERO,06/AGO/2022,18Hs,6.0,125,22,1.1,-38.0 -61.33
CORONEL_SUAREZ_AERO,06/AGO/2022,21Hs,4.8,134,13,0.2,-38.0 -61.33
CORONEL_SUAREZ_AERO,07/AGO/2022,00Hs,4.4,133,16,0.0,-38.0 -61.33
CORONEL_SUAREZ_AERO,07/AGO/2022,03Hs,3.7,134,17,0.0,-38.0 -61.33
CORONEL_SUAREZ_AERO,07/AGO/2022,06Hs,3.4,128,14,0.0,-38.0 -61.33
CORONEL_SUAREZ_AERO,07/AGO/2022,09Hs,3.9,123,13,0.0,-38.0 -61.33
CORONEL_SUAREZ_AERO,07/AGO/2022,12Hs,6.0,122,18,0.0,-38.0 -61.33
CORONEL_SUAREZ_AERO,07/AGO/2022,15Hs,7.9,113,15,0.0,-38.0 -61.33
CORONEL_SUAREZ_AERO,07/AGO/2022,18Hs,7.1,130,13,0.0,-38.0 -61.33
CORONEL_SUAREZ_AERO,07/AGO/2022,21Hs,5.8,133,19,0.0,-38.0 -61.33
CORONEL_SUAREZ_AERO,08/AGO/2022,00Hs,2.9,131,12,0.0,-38.0 -61.33
CORONEL_SUAREZ_AERO,08/AGO/2022,03Hs,1.8,137,11,0.0,-38.0 -61.33
CORONEL_SUAREZ_AERO,08/AGO/2022,06Hs,0.9,126,11,0.0,-38.0 -61.33
CORONEL_SUAREZ_AERO,08/AGO/2022,09Hs,2.3,127,11,0.0,-38.0 -61.33
CORONEL_SUAREZ_AERO,08/AGO/2022,12Hs,7.6,108,12,0.0,-38.0 -61.33
CORONEL_SUAREZ_AERO,08/AGO/2022,15Hs,10.0,116,10,0.0,-38.0 -61.33
CORONEL_SUAREZ_AERO,08/AGO/2022,18Hs,8.6,123,8,0.0,-38.0 -61.33
CORONEL_SUAREZ_AERO,08/AGO/2022,21Hs,6.5,123,8,0.0,-38.0 -61.33
CORONEL_SUAREZ_AERO,09/AGO/2022,00Hs,3.1,89,7,0.0,-38.0 -61.33
CORONEL_SUAREZ_AERO,09/AGO/2022,03Hs,2.5,55,6,0.0,-38.0 -61.33
CORONEL_SUAREZ_AERO,09/AGO/2022,06Hs,1.3,66,6,0.0,-38.0 -61.33
CORONEL_SUAREZ_AERO,09/AGO/2022,09Hs,2.8,52,7,0.0,-38.0 -61.33
CORONEL_SUAREZ_AERO,09/AGO/2022,12Hs,10.1,10,10,0.0,-38.0 -61.33
CORONEL_SUAREZ_AERO,09/AGO/2022,15Hs,12.4,360,15,0.0,-38.0 -61.33
CORONEL_SUAREZ_AERO,09/AGO/2022,18Hs,9.5,5,12,0.0,-38.0 -61.33
CORONEL_SUAREZ_AERO,09/AGO/2022,21Hs,5.3,18,12,0.0,-38.0 -61.33
CORRIENTES_AERO,05/AGO/2022,00Hs,10.4,182,7,0.0,-27.45 -58.77
CORRIENTES_AERO,05/AGO/2022,03Hs,9.1,158,7,0.0,-27.45 -58.77
CORRIENTES_AERO,05/AGO/2022,06Hs,7.5,148,8,0.0,-27.45 -58.77
CORRIENTES_AERO,05/AGO/2022,09Hs,9.0,130,11,0.0,-27.45 -58.77
CORRIENTES_AERO,05/AGO/2022,12Hs,15.1,122,11,0.0,-27.45 -58.77
CORRIENTES_AERO,05/AGO/2022,15Hs,17.6,127,11,0.0,-27.45 -58.77
CORRIENTES_AERO,05/AGO/2022,18Hs,14.2,123,10,0.0,-27.45 -58.77
CORRIENTES_AERO,05/AGO/2022,21Hs,10.1,118,10,0.0,-27.45 -58.77
CORRIENTES_AERO,06/AGO/2022,00Hs,8.5,114,10,0.0,-27.45 -58.77
CORRIENTES_AERO,06/AGO/2022,03Hs,7.4,113,9,0.0,-27.45 -58.77
CORRIENTES_AERO,06/AGO/2022,06Hs,8.5,123,10,0.0,-27.45 -58.77
CORRIENTES_AERO,06/AGO/2022,09Hs,10.2,116,9,0.0,-27.45 -58.77
CORRIENTES_AERO,06/AGO/2022,12Hs,11.8,115,9,0.0,-27.45 -58.77
CORRIENTES_AERO,06/AGO/2022,15Hs,13.9,167,7,0.0,-27.45 -58.77
CORRIENTES_AERO,06/AGO/2022,18Hs,13.0,152,9,0.0,-27.45 -58.77
CORRIENTES_AERO,06/AGO/2022,21Hs,9.6,126,10,0.0,-27.45 -58.77
CORRIENTES_AERO,07/AGO/2022,00Hs,8.8,159,4,0.0,-27.45 -58.77
CORRIENTES_AERO,07/AGO/2022,03Hs,8.6,155,6,0.0,-27.45 -58.77
CORRIENTES_AERO,07/AGO/2022,06Hs,8.2,155,8,0.0,-27.45 -58.77
CORRIENTES_AERO,07/AGO/2022,09Hs,10.5,143,8,0.0,-27.45 -58.77
CORRIENTES_AERO,07/AGO/2022,12Hs,16.8,148,9,0.0,-27.45 -58.77
CORRIENTES_AERO,07/AGO/2022,15Hs,19.4,148,10,0.0,-27.45 -58.77
CORRIENTES_AERO,07/AGO/2022,18Hs,16.9,143,10,0.0,-27.45 -58.77
CORRIENTES_AERO,07/AGO/2022,21Hs,13.1,136,12,0.0,-27.45 -58.77
CORRIENTES_AERO,08/AGO/2022,00Hs,11.5,161,8,0.0,-27.45 -58.77
CORRIENTES_AERO,08/AGO/2022,03Hs,11.0,158,9,0.0,-27.45 -58.77
CORRIENTES_AERO,08/AGO/2022,06Hs,10.1,162,9,0.0,-27.45 -58.77
CORRIENTES_AERO,08/AGO/2022,09Hs,12.3,151,14,0.0,-27.45 -58.77
CORRIENTES_AERO,08/AGO/2022,12Hs,18.0,150,13,0.0,-27.45 -58.77
CORRIENTES_AERO,08/AGO/2022,15Hs,19.5,189,12,0.0,-27.45 -58.77
CORRIENTES_AERO,08/AGO/2022,18Hs,15.8,195,12,0.0,-27.45 -58.77
CORRIENTES_AERO,08/AGO/2022,21Hs,14.5,176,15,0.0,-27.45 -58.77
CORRIENTES_AERO,09/AGO/2022,00Hs,12.0,195,14,0.0,-27.45 -58.77
CORRIENTES_AERO,09/AGO/2022,03Hs,11.1,192,17,0.0,-27.45 -58.77
CORRIENTES_AERO,09/AGO/2022,06Hs,9.7,202,14,0.0,-27.45 -58.77
CORRIENTES_AERO,09/AGO/2022,09Hs,11.0,228,17,0.0,-27.45 -58.77
CORRIENTES_AERO,09/AGO/2022,12Hs,12.3,230,19,0.0,-27.45 -58.77
CORRIENTES_AERO,09/AGO/2022,15Hs,12.1,226,15,0.0,-27.45 -58.77
CORRIENTES_AERO,09/AGO/2022,18Hs,10.6,239,16,0.4,-27.45 -58.77
CORRIENTES_AERO,09/AGO/2022,21Hs,9.8,224,18,1.0,-27.45 -58.77
DOLORES_AERO,05/AGO/2022,00Hs,3.4,220,4,0.0,-36.32 -57.72
DOLORES_AERO,05/AGO/2022,03Hs,3.2,283,7,0.0,-36.32 -57.72
DOLORES_AERO,05/AGO/2022,06Hs,2.3,238,11,0.0,-36.32 -57.72
DOLORES_AERO,05/AGO/2022,09Hs,4.0,228,7,0.0,-36.32 -57.72
DOLORES_AERO,05/AGO/2022,12Hs,10.6,220,11,0.0,-36.32 -57.72
DOLORES_AERO,05/AGO/2022,15Hs,12.5,237,12,0.0,-36.32 -57.72
DOLORES_AERO,05/AGO/2022,18Hs,7.9,207,4,0.0,-36.32 -57.72
DOLORES_AERO,05/AGO/2022,21Hs,5.6,50,11,0.0,-36.32 -57.72
DOLORES_AERO,06/AGO/2022,00Hs,5.1,27,10,0.0,-36.32 -57.72
DOLORES_AERO,06/AGO/2022,03Hs,4.5,316,7,0.0,-36.32 -57.72
DOLORES_AERO,06/AGO/2022,06Hs,3.4,264,7,0.0,-36.32 -57.72
DOLORES_AERO,06/AGO/2022,09Hs,5.5,207,4,0.0,-36.32 -57.72
DOLORES_AERO,06/AGO/2022,12Hs,11.0,160,10,0.0,-36.32 -57.72
DOLORES_AERO,06/AGO/2022,15Hs,12.6,127,11,0.0,-36.32 -57.72
DOLORES_AERO,06/AGO/2022,18Hs,9.4,110,15,0.0,-36.32 -57.72
DOLORES_AERO,06/AGO/2022,21Hs,5.0,116,11,0.0,-36.32 -57.72
DOLORES_AERO,07/AGO/2022,00Hs,4.7,127,9,0.0,-36.32 -57.72
DOLORES_AERO,07/AGO/2022,03Hs,4.8,138,9,0.0,-36.32 -57.72
DOLORES_AERO,07/AGO/2022,06Hs,5.0,150,10,0.0,-36.32 -57.72
DOLORES_AERO,07/AGO/2022,09Hs,6.4,140,13,0.0,-36.32 -57.72
DOLORES_AERO,07/AGO/2022,12Hs,9.9,118,14,0.0,-36.32 -57.72
DOLORES_AERO,07/AGO/2022,15Hs,10.4,119,16,0.0,-36.32 -57.72
DOLORES_AERO,07/AGO/2022,18Hs,7.1,108,17,0.0,-36.32 -57.72
DOLORES_AERO,07/AGO/2022,21Hs,4.8,138,10,0.0,-36.32 -57.72
DOLORES_AERO,08/AGO/2022,00Hs,4.8,140,10,0.0,-36.32 -57.72
DOLORES_AERO,08/AGO/2022,03Hs,4.6,145,11,0.0,-36.32 -57.72
DOLORES_AERO,08/AGO/2022,06Hs,4.1,139,10,0.0,-36.32 -57.72
DOLORES_AERO,08/AGO/2022,09Hs,6.5,140,12,0.0,-36.32 -57.72
DOLORES_AERO,08/AGO/2022,12Hs,12.1,103,18,0.0,-36.32 -57.72
DOLORES_AERO,08/AGO/2022,15Hs,12.3,109,18,0.0,-36.32 -57.72
DOLORES_AERO,08/AGO/2022,18Hs,8.1,124,17,0.0,-36.32 -57.72
DOLORES_AERO,08/AGO/2022,21Hs,5.6,130,13,0.0,-36.32 -57.72
DOLORES_AERO,09/AGO/2022,00Hs,5.2,132,12,0.0,-36.32 -57.72
DOLORES_AERO,09/AGO/2022,03Hs,5.1,121,11,0.0,-36.32 -57.72
DOLORES_AERO,09/AGO/2022,06Hs,5.3,120,10,0.0,-36.32 -57.72
DOLORES_AERO,09/AGO/2022,09Hs,8.2,123,8,0.0,-36.32 -57.72
DOLORES_AERO,09/AGO/2022,12Hs,12.7,84,15,0.0,-36.32 -57.72
DOLORES_AERO,09/AGO/2022,15Hs,12.9,84,14,0.0,-36.32 -57.72
DOLORES_AERO,09/AGO/2022,18Hs,8.0,90,12,0.0,-36.32 -57.72
DOLORES_AERO,09/AGO/2022,21Hs,5.0,96,12,0.0,-36.32 -57.72
EL_BOLSON_AERO,05/AGO/2022,00Hs,-4.3,272,6,0.0,-77.87 -34.63
EL_BOLSON_AERO,05/AGO/2022,03Hs,-5.5,265,5,0.0,-77.87 -34.63
EL_BOLSON_AERO,05/AGO/2022,06Hs,-6.3,219,4,0.0,-77.87 -34.63
EL_BOLSON_AERO,05/AGO/2022,09Hs,-5.3,172,6,0.0,-77.87 -34.63
EL_BOLSON_AERO,05/AGO/2022,12Hs,-3.5,117,5,0.0,-77.87 -34.63
EL_BOLSON_AERO,05/AGO/2022,15Hs,-1.7,126,7,0.0,-77.87 -34.63
EL_BOLSON_AERO,05/AGO/2022,18Hs,-1.6,122,6,0.0,-77.87 -34.63
EL_BOLSON_AERO,05/AGO/2022,21Hs,-4.8,127,8,0.0,-77.87 -34.63
EL_BOLSON_AERO,06/AGO/2022,00Hs,-5.5,129,7,0.0,-77.87 -34.63
EL_BOLSON_AERO,06/AGO/2022,03Hs,-5.7,127,7,0.0,-77.87 -34.63
EL_BOLSON_AERO,06/AGO/2022,06Hs,-5.1,132,7,0.0,-77.87 -34.63
EL_BOLSON_AERO,06/AGO/2022,09Hs,-4.4,120,8,0.1,-77.87 -34.63
EL_BOLSON_AERO,06/AGO/2022,12Hs,-3.1,113,9,0.6,-77.87 -34.63
EL_BOLSON_AERO,06/AGO/2022,15Hs,-1.9,112,11,0.6,-77.87 -34.63
EL_BOLSON_AERO,06/AGO/2022,18Hs,-2.3,117,9,0.3,-77.87 -34.63
EL_BOLSON_AERO,06/AGO/2022,21Hs,-3.1,116,8,0.6,-77.87 -34.63
EL_BOLSON_AERO,07/AGO/2022,00Hs,-3.1,117,8,0.6,-77.87 -34.63
EL_BOLSON_AERO,07/AGO/2022,03Hs,-3.1,115,8,0.8,-77.87 -34.63
EL_BOLSON_AERO,07/AGO/2022,06Hs,-2.8,115,8,0.9,-77.87 -34.63
EL_BOLSON_AERO,07/AGO/2022,09Hs,-2.7,119,8,0.8,-77.87 -34.63
EL_BOLSON_AERO,07/AGO/2022,12Hs,-1.5,118,8,1.3,-77.87 -34.63
EL_BOLSON_AERO,07/AGO/2022,15Hs,-0.3,141,7,0.7,-77.87 -34.63
EL_BOLSON_AERO,07/AGO/2022,18Hs,-0.1,150,5,0.4,-77.87 -34.63
EL_BOLSON_AERO,07/AGO/2022,21Hs,-1.3,175,2,0.0,-77.87 -34.63
EL_BOLSON_AERO,08/AGO/2022,00Hs,-1.6,115,4,0.0,-77.87 -34.63
EL_BOLSON_AERO,08/AGO/2022,03Hs,-1.8,130,0,0.0,-77.87 -34.63
EL_BOLSON_AERO,08/AGO/2022,06Hs,-1.9,331,4,0.0,-77.87 -34.63
EL_BOLSON_AERO,08/AGO/2022,09Hs,-2.5,6,6,0.0,-77.87 -34.63
EL_BOLSON_AERO,08/AGO/2022,12Hs,-0.9,295,1,0.0,-77.87 -34.63
EL_BOLSON_AERO,08/AGO/2022,15Hs,0.6,148,5,0.0,-77.87 -34.63
EL_BOLSON_AERO,08/AGO/2022,18Hs,-0.1,153,5,0.0,-77.87 -34.63
EL_BOLSON_AERO,08/AGO/2022,21Hs,-0.6,137,2,0.0,-77.87 -34.63
EL_BOLSON_AERO,09/AGO/2022,00Hs,-1.8,281,5,0.0,-77.87 -34.63
EL_BOLSON_AERO,09/AGO/2022,03Hs,-2.0,287,4,0.0,-77.87 -34.63
EL_BOLSON_AERO,09/AGO/2022,06Hs,-1.8,302,5,0.0,-77.87 -34.63
EL_BOLSON_AERO,09/AGO/2022,09Hs,-2.1,304,6,0.0,-77.87 -34.63
EL_BOLSON_AERO,09/AGO/2022,12Hs,0.3,299,5,0.0,-77.87 -34.63
EL_BOLSON_AERO,09/AGO/2022,15Hs,3.0,273,3,0.0,-77.87 -34.63
EL_BOLSON_AERO,09/AGO/2022,18Hs,1.8,286,5,0.0,-77.87 -34.63
EL_BOLSON_AERO,09/AGO/2022,21Hs,-0.4,237,3,0.0,-77.87 -34.63
EL_CALAFATE_AERO,05/AGO/2022,00Hs,-1.8,254,8,0.0,-77.87 -34.63
EL_CALAFATE_AERO,05/AGO/2022,03Hs,-2.5,243,7,0.0,-77.87 -34.63
EL_CALAFATE_AERO,05/AGO/2022,06Hs,-3.3,211,5,0.0,-77.87 -34.63
EL_CALAFATE_AERO,05/AGO/2022,09Hs,-3.9,233,6,0.0,-77.87 -34.63
EL_CALAFATE_AERO,05/AGO/2022,12Hs,-1.7,252,5,0.0,-77.87 -34.63
EL_CALAFATE_AERO,05/AGO/2022,15Hs,-0.6,252,3,0.0,-77.87 -34.63
EL_CALAFATE_AERO,05/AGO/2022,18Hs,-2.1,192,2,0.0,-77.87 -34.63
EL_CALAFATE_AERO,05/AGO/2022,21Hs,-3.1,189,4,0.0,-77.87 -34.63
EL_CALAFATE_AERO,06/AGO/2022,00Hs,-3.4,200,5,0.0,-77.87 -34.63
EL_CALAFATE_AERO,06/AGO/2022,03Hs,-3.6,215,5,0.0,-77.87 -34.63
EL_CALAFATE_AERO,06/AGO/2022,06Hs,-4.2,226,6,0.0,-77.87 -34.63
EL_CALAFATE_AERO,06/AGO/2022,09Hs,-4.7,225,6,0.0,-77.87 -34.63
EL_CALAFATE_AERO,06/AGO/2022,12Hs,-2.3,250,3,0.0,-77.87 -34.63
EL_CALAFATE_AERO,06/AGO/2022,15Hs,-1.2,265,2,0.0,-77.87 -34.63
EL_CALAFATE_AERO,06/AGO/2022,18Hs,-2.5,189,3,0.0,-77.87 -34.63
EL_CALAFATE_AERO,06/AGO/2022,21Hs,-3.6,202,5,0.0,-77.87 -34.63
EL_CALAFATE_AERO,07/AGO/2022,00Hs,-2.6,216,7,0.0,-77.87 -34.63
EL_CALAFATE_AERO,07/AGO/2022,03Hs,-2.4,247,5,0.0,-77.87 -34.63
EL_CALAFATE_AERO,07/AGO/2022,06Hs,-2.8,261,7,0.0,-77.87 -34.63
EL_CALAFATE_AERO,07/AGO/2022,09Hs,-3.3,254,7,0.1,-77.87 -34.63
EL_CALAFATE_AERO,07/AGO/2022,12Hs,-2.1,242,6,0.0,-77.87 -34.63
EL_CALAFATE_AERO,07/AGO/2022,15Hs,-1.6,244,6,0.0,-77.87 -34.63
EL_CALAFATE_AERO,07/AGO/2022,18Hs,-2.0,200,5,0.0,-77.87 -34.63
EL_CALAFATE_AERO,07/AGO/2022,21Hs,-3.8,217,8,0.0,-77.87 -34.63
EL_CALAFATE_AERO,08/AGO/2022,00Hs,-4.7,231,10,0.0,-77.87 -34.63
EL_CALAFATE_AERO,08/AGO/2022,03Hs,-5.4,237,10,0.0,-77.87 -34.63
EL_CALAFATE_AERO,08/AGO/2022,06Hs,-6.1,236,8,0.0,-77.87 -34.63
EL_CALAFATE_AERO,08/AGO/2022,09Hs,-6.5,215,7,0.0,-77.87 -34.63
EL_CALAFATE_AERO,08/AGO/2022,12Hs,-4.1,262,5,0.0,-77.87 -34.63
EL_CALAFATE_AERO,08/AGO/2022,15Hs,-2.8,237,7,0.0,-77.87 -34.63
EL_CALAFATE_AERO,08/AGO/2022,18Hs,-2.9,215,4,0.0,-77.87 -34.63
EL_CALAFATE_AERO,08/AGO/2022,21Hs,-3.5,244,9,0.0,-77.87 -34.63
EL_CALAFATE_AERO,09/AGO/2022,00Hs,-3.7,237,8,0.0,-77.87 -34.63
EL_CALAFATE_AERO,09/AGO/2022,03Hs,-4.1,232,6,0.0,-77.87 -34.63
EL_CALAFATE_AERO,09/AGO/2022,06Hs,-3.8,194,6,0.0,-77.87 -34.63
EL_CALAFATE_AERO,09/AGO/2022,09Hs,-3.3,269,6,0.0,-77.87 -34.63
EL_CALAFATE_AERO,09/AGO/2022,12Hs,-0.2,282,5,0.0,-77.87 -34.63
EL_CALAFATE_AERO,09/AGO/2022,15Hs,1.9,277,2,0.0,-77.87 -34.63
EL_CALAFATE_AERO,09/AGO/2022,18Hs,-0.3,212,7,0.0,-77.87 -34.63
EL_CALAFATE_AERO,09/AGO/2022,21Hs,-0.4,226,5,0.0,-77.87 -34.63
EL_PALOMAR_AERO,05/AGO/2022,00Hs,11.0,210,12,0.0,-77.87 -34.63
EL_PALOMAR_AERO,05/AGO/2022,03Hs,10.6,238,12,0.0,-77.87 -34.63
EL_PALOMAR_AERO,05/AGO/2022,06Hs,9.2,260,14,0.0,-77.87 -34.63
EL_PALOMAR_AERO,05/AGO/2022,09Hs,9.4,220,12,0.0,-77.87 -34.63
EL_PALOMAR_AERO,05/AGO/2022,12Hs,9.7,211,6,0.0,-77.87 -34.63
EL_PALOMAR_AERO,05/AGO/2022,15Hs,10.7,129,9,0.0,-77.87 -34.63
EL_PALOMAR_AERO,05/AGO/2022,18Hs,11.6,95,11,0.0,-77.87 -34.63
EL_PALOMAR_AERO,05/AGO/2022,21Hs,11.9,75,17,0.0,-77.87 -34.63
EL_PALOMAR_AERO,06/AGO/2022,00Hs,10.4,78,22,0.0,-77.87 -34.63
EL_PALOMAR_AERO,06/AGO/2022,03Hs,9.5,56,19,0.0,-77.87 -34.63
EL_PALOMAR_AERO,06/AGO/2022,06Hs,8.4,28,18,0.0,-77.87 -34.63
EL_PALOMAR_AERO,06/AGO/2022,09Hs,8.1,44,16,0.0,-77.87 -34.63
EL_PALOMAR_AERO,06/AGO/2022,12Hs,10.3,108,11,0.0,-77.87 -34.63
EL_PALOMAR_AERO,06/AGO/2022,15Hs,11.7,142,26,0.0,-77.87 -34.63
EL_PALOMAR_AERO,06/AGO/2022,18Hs,11.0,118,37,0.0,-77.87 -34.63
EL_PALOMAR_AERO,06/AGO/2022,21Hs,11.2,106,37,0.0,-77.87 -34.63
EL_PALOMAR_AERO,07/AGO/2022,00Hs,9.8,95,33,0.0,-77.87 -34.63
EL_PALOMAR_AERO,07/AGO/2022,03Hs,9.2,100,30,0.0,-77.87 -34.63
EL_PALOMAR_AERO,07/AGO/2022,06Hs,8.9,100,32,0.0,-77.87 -34.63
EL_PALOMAR_AERO,07/AGO/2022,09Hs,9.2,101,33,0.0,-77.87 -34.63
EL_PALOMAR_AERO,07/AGO/2022,12Hs,11.0,115,35,0.0,-77.87 -34.63
EL_PALOMAR_AERO,07/AGO/2022,15Hs,10.8,127,40,0.0,-77.87 -34.63
EL_PALOMAR_AERO,07/AGO/2022,18Hs,10.5,124,42,0.0,-77.87 -34.63
EL_PALOMAR_AERO,07/AGO/2022,21Hs,10.3,116,39,0.0,-77.87 -34.63
EL_PALOMAR_AERO,08/AGO/2022,00Hs,9.5,103,34,0.0,-77.87 -34.63
EL_PALOMAR_AERO,08/AGO/2022,03Hs,9.1,100,32,0.0,-77.87 -34.63
EL_PALOMAR_AERO,08/AGO/2022,06Hs,8.9,99,30,0.0,-77.87 -34.63
EL_PALOMAR_AERO,08/AGO/2022,09Hs,9.2,103,32,0.0,-77.87 -34.63
EL_PALOMAR_AERO,08/AGO/2022,12Hs,11.2,111,30,0.0,-77.87 -34.63
EL_PALOMAR_AERO,08/AGO/2022,15Hs,11.7,134,34,0.0,-77.87 -34.63
EL_PALOMAR_AERO,08/AGO/2022,18Hs,11.9,128,40,0.0,-77.87 -34.63
EL_PALOMAR_AERO,08/AGO/2022,21Hs,11.7,113,39,0.0,-77.87 -34.63
EL_PALOMAR_AERO,09/AGO/2022,00Hs,11.3,101,29,0.0,-77.87 -34.63
EL_PALOMAR_AERO,09/AGO/2022,03Hs,10.7,98,26,0.0,-77.87 -34.63
EL_PALOMAR_AERO,09/AGO/2022,06Hs,10.2,99,25,0.0,-77.87 -34.63
EL_PALOMAR_AERO,09/AGO/2022,09Hs,10.3,104,28,0.0,-77.87 -34.63
EL_PALOMAR_AERO,09/AGO/2022,12Hs,11.7,120,28,0.0,-77.87 -34.63
EL_PALOMAR_AERO,09/AGO/2022,15Hs,11.7,137,35,0.0,-77.87 -34.63
EL_PALOMAR_AERO,09/AGO/2022,18Hs,11.5,132,37,0.0,-77.87 -34.63
EL_PALOMAR_AERO,09/AGO/2022,21Hs,11.2,114,36,0.0,-77.87 -34.63
EL_TREBOL,05/AGO/2022,00Hs,8.9,89,8,0.0,-77.87 -34.63
EL_TREBOL,05/AGO/2022,03Hs,7.4,54,7,0.0,-77.87 -34.63
EL_TREBOL,05/AGO/2022,06Hs,6.3,4,8,0.0,-77.87 -34.63
EL_TREBOL,05/AGO/2022,09Hs,8.1,42,8,0.0,-77.87 -34.63
EL_TREBOL,05/AGO/2022,12Hs,16.5,38,12,0.0,-77.87 -34.63
EL_TREBOL,05/AGO/2022,15Hs,19.1,39,16,0.0,-77.87 -34.63
EL_TREBOL,05/AGO/2022,18Hs,15.6,49,16,0.0,-77.87 -34.63
EL_TREBOL,05/AGO/2022,21Hs,9.6,50,13,0.0,-77.87 -34.63
EL_TREBOL,06/AGO/2022,00Hs,7.2,42,12,0.0,-77.87 -34.63
EL_TREBOL,06/AGO/2022,03Hs,5.9,49,13,0.0,-77.87 -34.63
EL_TREBOL,06/AGO/2022,06Hs,4.7,67,11,0.0,-77.87 -34.63
EL_TREBOL,06/AGO/2022,09Hs,6.0,67,11,0.0,-77.87 -34.63
EL_TREBOL,06/AGO/2022,12Hs,13.8,63,15,0.0,-77.87 -34.63
EL_TREBOL,06/AGO/2022,15Hs,17.1,81,13,0.0,-77.87 -34.63
EL_TREBOL,06/AGO/2022,18Hs,15.1,79,14,0.0,-77.87 -34.63
EL_TREBOL,06/AGO/2022,21Hs,11.7,89,13,0.0,-77.87 -34.63
EL_TREBOL,07/AGO/2022,00Hs,10.0,98,11,0.0,-77.87 -34.63
EL_TREBOL,07/AGO/2022,03Hs,7.2,109,11,0.0,-77.87 -34.63
EL_TREBOL,07/AGO/2022,06Hs,5.9,119,13,0.0,-77.87 -34.63
EL_TREBOL,07/AGO/2022,09Hs,6.9,121,17,0.0,-77.87 -34.63
EL_TREBOL,07/AGO/2022,12Hs,12.8,112,17,0.0,-77.87 -34.63
EL_TREBOL,07/AGO/2022,15Hs,15.4,110,19,0.0,-77.87 -34.63
EL_TREBOL,07/AGO/2022,18Hs,14.0,106,18,0.0,-77.87 -34.63
EL_TREBOL,07/AGO/2022,21Hs,9.4,100,16,0.0,-77.87 -34.63
EL_TREBOL,08/AGO/2022,00Hs,10.0,110,13,0.0,-77.87 -34.63
EL_TREBOL,08/AGO/2022,03Hs,9.5,117,15,0.1,-77.87 -34.63
EL_TREBOL,08/AGO/2022,06Hs,9.0,114,17,0.1,-77.87 -34.63
EL_TREBOL,08/AGO/2022,09Hs,8.3,119,14,0.8,-77.87 -34.63
EL_TREBOL,08/AGO/2022,12Hs,8.1,137,14,3.1,-77.87 -34.63
EL_TREBOL,08/AGO/2022,15Hs,7.6,147,16,3.0,-77.87 -34.63
EL_TREBOL,08/AGO/2022,18Hs,7.7,151,15,4.1,-77.87 -34.63
EL_TREBOL,08/AGO/2022,21Hs,8.1,151,19,2.1,-77.87 -34.63
EL_TREBOL,09/AGO/2022,00Hs,7.9,164,19,1.6,-77.87 -34.63
EL_TREBOL,09/AGO/2022,03Hs,7.8,190,16,5.4,-77.87 -34.63
EL_TREBOL,09/AGO/2022,06Hs,7.7,177,18,5.4,-77.87 -34.63
EL_TREBOL,09/AGO/2022,09Hs,7.8,180,19,0.4,-77.87 -34.63
EL_TREBOL,09/AGO/2022,12Hs,9.1,153,16,0.0,-77.87 -34.63
EL_TREBOL,09/AGO/2022,15Hs,11.3,137,20,0.0,-77.87 -34.63
EL_TREBOL,09/AGO/2022,18Hs,8.9,131,9,0.0,-77.87 -34.63
EL_TREBOL,09/AGO/2022,21Hs,6.9,178,5,0.0,-77.87 -34.63
ESC.AVIACION_MILITAR_AERO,05/AGO/2022,00Hs,9.6,345,9,0.0,None
ESC.AVIACION_MILITAR_AERO,05/AGO/2022,03Hs,8.6,345,9,0.0,None
ESC.AVIACION_MILITAR_AERO,05/AGO/2022,06Hs,7.8,351,9,0.0,None
ESC.AVIACION_MILITAR_AERO,05/AGO/2022,09Hs,8.7,359,10,0.0,None
ESC.AVIACION_MILITAR_AERO,05/AGO/2022,12Hs,15.3,34,22,0.0,None
ESC.AVIACION_MILITAR_AERO,05/AGO/2022,15Hs,17.0,39,27,0.0,None
ESC.AVIACION_MILITAR_AERO,05/AGO/2022,18Hs,14.3,44,24,0.0,None
ESC.AVIACION_MILITAR_AERO,05/AGO/2022,21Hs,8.5,16,13,0.0,None
ESC.AVIACION_MILITAR_AERO,06/AGO/2022,00Hs,7.6,8,12,0.0,None
ESC.AVIACION_MILITAR_AERO,06/AGO/2022,03Hs,6.6,358,10,0.0,None
ESC.AVIACION_MILITAR_AERO,06/AGO/2022,06Hs,5.8,346,6,0.0,None
ESC.AVIACION_MILITAR_AERO,06/AGO/2022,09Hs,6.8,359,6,0.0,None
ESC.AVIACION_MILITAR_AERO,06/AGO/2022,12Hs,12.4,59,11,0.0,None
ESC.AVIACION_MILITAR_AERO,06/AGO/2022,15Hs,13.4,65,13,0.0,None
ESC.AVIACION_MILITAR_AERO,06/AGO/2022,18Hs,11.3,64,11,0.0,None
ESC.AVIACION_MILITAR_AERO,06/AGO/2022,21Hs,7.5,341,3,0.0,None
ESC.AVIACION_MILITAR_AERO,07/AGO/2022,00Hs,9.1,284,4,0.0,None
ESC.AVIACION_MILITAR_AERO,07/AGO/2022,03Hs,9.3,161,1,0.0,None
ESC.AVIACION_MILITAR_AERO,07/AGO/2022,06Hs,6.8,124,5,0.0,None
ESC.AVIACION_MILITAR_AERO,07/AGO/2022,09Hs,6.9,174,1,0.0,None
ESC.AVIACION_MILITAR_AERO,07/AGO/2022,12Hs,10.9,139,11,0.0,None
ESC.AVIACION_MILITAR_AERO,07/AGO/2022,15Hs,11.9,135,12,0.0,None
ESC.AVIACION_MILITAR_AERO,07/AGO/2022,18Hs,11.8,122,11,0.0,None
ESC.AVIACION_MILITAR_AERO,07/AGO/2022,21Hs,10.3,106,12,0.0,None
ESC.AVIACION_MILITAR_AERO,08/AGO/2022,00Hs,8.8,121,7,0.0,None
ESC.AVIACION_MILITAR_AERO,08/AGO/2022,03Hs,7.2,13,2,0.0,None
ESC.AVIACION_MILITAR_AERO,08/AGO/2022,06Hs,7.4,162,4,0.0,None
ESC.AVIACION_MILITAR_AERO,08/AGO/2022,09Hs,7.6,169,7,0.1,None
ESC.AVIACION_MILITAR_AERO,08/AGO/2022,12Hs,10.0,165,11,0.2,None
ESC.AVIACION_MILITAR_AERO,08/AGO/2022,15Hs,9.2,158,18,0.3,None
ESC.AVIACION_MILITAR_AERO,08/AGO/2022,18Hs,7.1,160,20,0.3,None
ESC.AVIACION_MILITAR_AERO,08/AGO/2022,21Hs,5.6,177,20,0.2,None
ESC.AVIACION_MILITAR_AERO,09/AGO/2022,00Hs,4.8,196,18,0.2,None
ESC.AVIACION_MILITAR_AERO,09/AGO/2022,03Hs,4.1,202,15,0.1,None
ESC.AVIACION_MILITAR_AERO,09/AGO/2022,06Hs,5.0,202,17,0.0,None
ESC.AVIACION_MILITAR_AERO,09/AGO/2022,09Hs,6.0,186,16,0.0,None
ESC.AVIACION_MILITAR_AERO,09/AGO/2022,12Hs,7.8,179,15,0.0,None
ESC.AVIACION_MILITAR_AERO,09/AGO/2022,15Hs,10.6,160,11,0.0,None
ESC.AVIACION_MILITAR_AERO,09/AGO/2022,18Hs,10.1,125,13,0.0,None
ESC.AVIACION_MILITAR_AERO,09/AGO/2022,21Hs,6.0,359,4,0.0,None
ESQUEL_AERO,05/AGO/2022,00Hs,-5.3,277,9,0.0,-42.9 -71.15
ESQUEL_AERO,05/AGO/2022,03Hs,-7.3,272,8,0.0,-42.9 -71.15
ESQUEL_AERO,05/AGO/2022,06Hs,-8.5,273,6,0.0,-42.9 -71.15
ESQUEL_AERO,05/AGO/2022,09Hs,-8.9,225,5,0.0,-42.9 -71.15
ESQUEL_AERO,05/AGO/2022,12Hs,-5.0,147,5,0.0,-42.9 -71.15
ESQUEL_AERO,05/AGO/2022,15Hs,-3.9,133,5,0.0,-42.9 -71.15
ESQUEL_AERO,05/AGO/2022,18Hs,-5.2,145,5,0.0,-42.9 -71.15
ESQUEL_AERO,05/AGO/2022,21Hs,-7.9,188,7,0.0,-42.9 -71.15
ESQUEL_AERO,06/AGO/2022,00Hs,-8.3,187,8,0.0,-42.9 -71.15
ESQUEL_AERO,06/AGO/2022,03Hs,-8.3,186,9,0.0,-42.9 -71.15
ESQUEL_AERO,06/AGO/2022,06Hs,-8.1,186,7,0.0,-42.9 -71.15
ESQUEL_AERO,06/AGO/2022,09Hs,-7.5,176,8,0.0,-42.9 -71.15
ESQUEL_AERO,06/AGO/2022,12Hs,-5.0,135,7,0.2,-42.9 -71.15
ESQUEL_AERO,06/AGO/2022,15Hs,-4.1,116,8,1.0,-42.9 -71.15
ESQUEL_AERO,06/AGO/2022,18Hs,-4.4,144,7,0.9,-42.9 -71.15
ESQUEL_AERO,06/AGO/2022,21Hs,-4.9,148,7,1.1,-42.9 -71.15
ESQUEL_AERO,07/AGO/2022,00Hs,-4.5,127,6,1.5,-42.9 -71.15
ESQUEL_AERO,07/AGO/2022,03Hs,-4.5,123,6,2.0,-42.9 -71.15
ESQUEL_AERO,07/AGO/2022,06Hs,-4.5,125,6,2.2,-42.9 -71.15
ESQUEL_AERO,07/AGO/2022,09Hs,-4.5,127,6,2.1,-42.9 -71.15
ESQUEL_AERO,07/AGO/2022,12Hs,-3.1,103,6,2.6,-42.9 -71.15
ESQUEL_AERO,07/AGO/2022,15Hs,-1.6,87,7,2.6,-42.9 -71.15
ESQUEL_AERO,07/AGO/2022,18Hs,-1.2,60,9,1.1,-42.9 -71.15
ESQUEL_AERO,07/AGO/2022,21Hs,-2.8,116,4,0.3,-42.9 -71.15
ESQUEL_AERO,08/AGO/2022,00Hs,-3.8,188,2,0.0,-42.9 -71.15
ESQUEL_AERO,08/AGO/2022,03Hs,-3.5,268,3,0.0,-42.9 -71.15
ESQUEL_AERO,08/AGO/2022,06Hs,-3.5,311,4,0.0,-42.9 -71.15
ESQUEL_AERO,08/AGO/2022,09Hs,-3.6,13,6,0.0,-42.9 -71.15
ESQUEL_AERO,08/AGO/2022,12Hs,-2.1,352,6,0.0,-42.9 -71.15
ESQUEL_AERO,08/AGO/2022,15Hs,-1.7,347,6,0.0,-42.9 -71.15
ESQUEL_AERO,08/AGO/2022,18Hs,-2.8,310,3,0.0,-42.9 -71.15
ESQUEL_AERO,08/AGO/2022,21Hs,-5.8,282,7,0.0,-42.9 -71.15
ESQUEL_AERO,09/AGO/2022,00Hs,-6.0,284,8,0.0,-42.9 -71.15
ESQUEL_AERO,09/AGO/2022,03Hs,-5.3,295,8,0.0,-42.9 -71.15
ESQUEL_AERO,09/AGO/2022,06Hs,-4.0,309,7,0.0,-42.9 -71.15
ESQUEL_AERO,09/AGO/2022,09Hs,-4.5,315,9,0.0,-42.9 -71.15
ESQUEL_AERO,09/AGO/2022,12Hs,-1.2,321,8,0.0,-42.9 -71.15
ESQUEL_AERO,09/AGO/2022,15Hs,-0.3,310,7,0.0,-42.9 -71.15
ESQUEL_AERO,09/AGO/2022,18Hs,-1.2,302,9,0.0,-42.9 -71.15
ESQUEL_AERO,09/AGO/2022,21Hs,-2.9,254,5,0.0,-42.9 -71.15
EZEIZA_AERO,05/AGO/2022,00Hs,7.2,248,5,0.0,-34.82 -58.55
EZEIZA_AERO,05/AGO/2022,03Hs,6.3,260,7,0.0,-34.82 -58.55
EZEIZA_AERO,05/AGO/2022,06Hs,5.2,224,7,0.0,-34.82 -58.55
EZEIZA_AERO,05/AGO/2022,09Hs,6.3,196,7,0.0,-34.82 -58.55
EZEIZA_AERO,05/AGO/2022,12Hs,12.7,249,3,0.0,-34.82 -58.55
EZEIZA_AERO,05/AGO/2022,15Hs,15.2,216,4,0.0,-34.82 -58.55
EZEIZA_AERO,05/AGO/2022,18Hs,12.6,106,3,0.0,-34.82 -58.55
EZEIZA_AERO,05/AGO/2022,21Hs,10.2,81,7,0.0,-34.82 -58.55
EZEIZA_AERO,06/AGO/2022,00Hs,8.8,73,8,0.0,-34.82 -58.55
EZEIZA_AERO,06/AGO/2022,03Hs,8.0,47,7,0.0,-34.82 -58.55
EZEIZA_AERO,06/AGO/2022,06Hs,7.4,28,7,0.0,-34.82 -58.55
EZEIZA_AERO,06/AGO/2022,09Hs,8.2,48,5,0.0,-34.82 -58.55
EZEIZA_AERO,06/AGO/2022,12Hs,12.9,87,9,0.0,-34.82 -58.55
EZEIZA_AERO,06/AGO/2022,15Hs,14.6,80,13,0.0,-34.82 -58.55
EZEIZA_AERO,06/AGO/2022,18Hs,11.3,75,12,0.0,-34.82 -58.55
EZEIZA_AERO,06/AGO/2022,21Hs,9.2,110,15,0.0,-34.82 -58.55
EZEIZA_AERO,07/AGO/2022,00Hs,8.5,111,12,0.0,-34.82 -58.55
EZEIZA_AERO,07/AGO/2022,03Hs,7.3,119,11,0.0,-34.82 -58.55
EZEIZA_AERO,07/AGO/2022,06Hs,6.7,130,11,0.0,-34.82 -58.55
EZEIZA_AERO,07/AGO/2022,09Hs,7.5,128,14,0.0,-34.82 -58.55
EZEIZA_AERO,07/AGO/2022,12Hs,11.3,108,17,0.0,-34.82 -58.55
EZEIZA_AERO,07/AGO/2022,15Hs,13.2,103,17,0.0,-34.82 -58.55
EZEIZA_AERO,07/AGO/2022,18Hs,10.7,102,15,0.0,-34.82 -58.55
EZEIZA_AERO,07/AGO/2022,21Hs,7.7,117,14,0.0,-34.82 -58.55
EZEIZA_AERO,08/AGO/2022,00Hs,6.7,127,12,0.0,-34.82 -58.55
EZEIZA_AERO,08/AGO/2022,03Hs,6.1,138,11,0.0,-34.82 -58.55
EZEIZA_AERO,08/AGO/2022,06Hs,5.4,140,11,0.0,-34.82 -58.55
EZEIZA_AERO,08/AGO/2022,09Hs,6.9,133,12,0.0,-34.82 -58.55
EZEIZA_AERO,08/AGO/2022,12Hs,12.1,99,15,0.0,-34.82 -58.55
EZEIZA_AERO,08/AGO/2022,15Hs,12.8,97,15,0.0,-34.82 -58.55
EZEIZA_AERO,08/AGO/2022,18Hs,11.1,110,14,0.0,-34.82 -58.55
EZEIZA_AERO,08/AGO/2022,21Hs,9.1,126,14,0.0,-34.82 -58.55
EZEIZA_AERO,09/AGO/2022,00Hs,7.5,142,10,0.0,-34.82 -58.55
EZEIZA_AERO,09/AGO/2022,03Hs,6.7,143,10,0.0,-34.82 -58.55
EZEIZA_AERO,09/AGO/2022,06Hs,6.4,137,8,0.0,-34.82 -58.55
EZEIZA_AERO,09/AGO/2022,09Hs,7.7,133,9,0.0,-34.82 -58.55
EZEIZA_AERO,09/AGO/2022,12Hs,13.1,98,14,0.0,-34.82 -58.55
EZEIZA_AERO,09/AGO/2022,15Hs,14.7,89,14,0.0,-34.82 -58.55
EZEIZA_AERO,09/AGO/2022,18Hs,12.0,86,10,0.0,-34.82 -58.55
EZEIZA_AERO,09/AGO/2022,21Hs,8.8,112,10,0.0,-34.82 -58.55
FORMOSA_AERO,05/AGO/2022,00Hs,13.3,188,10,0.0,-26.22 -58.23
FORMOSA_AERO,05/AGO/2022,03Hs,10.9,168,10,0.0,-26.22 -58.23
FORMOSA_AERO,05/AGO/2022,06Hs,8.5,156,8,0.0,-26.22 -58.23
FORMOSA_AERO,05/AGO/2022,09Hs,10.8,139,12,0.0,-26.22 -58.23
FORMOSA_AERO,05/AGO/2022,12Hs,17.3,135,11,0.0,-26.22 -58.23
FORMOSA_AERO,05/AGO/2022,15Hs,19.9,152,13,0.0,-26.22 -58.23
FORMOSA_AERO,05/AGO/2022,18Hs,16.2,153,9,0.0,-26.22 -58.23
FORMOSA_AERO,05/AGO/2022,21Hs,11.5,151,10,0.0,-26.22 -58.23
FORMOSA_AERO,06/AGO/2022,00Hs,10.0,144,9,0.0,-26.22 -58.23
FORMOSA_AERO,06/AGO/2022,03Hs,12.3,131,8,0.0,-26.22 -58.23
FORMOSA_AERO,06/AGO/2022,06Hs,12.0,129,6,0.0,-26.22 -58.23
FORMOSA_AERO,06/AGO/2022,09Hs,11.4,135,7,1.2,-26.22 -58.23
FORMOSA_AERO,06/AGO/2022,12Hs,13.3,305,2,3.2,-26.22 -58.23
FORMOSA_AERO,06/AGO/2022,15Hs,13.9,358,3,3.5,-26.22 -58.23
FORMOSA_AERO,06/AGO/2022,18Hs,14.5,97,4,0.1,-26.22 -58.23
FORMOSA_AERO,06/AGO/2022,21Hs,14.0,116,8,0.0,-26.22 -58.23
FORMOSA_AERO,07/AGO/2022,00Hs,13.6,167,6,0.0,-26.22 -58.23
FORMOSA_AERO,07/AGO/2022,03Hs,13.6,165,10,0.0,-26.22 -58.23
FORMOSA_AERO,07/AGO/2022,06Hs,10.6,154,8,0.0,-26.22 -58.23
FORMOSA_AERO,07/AGO/2022,09Hs,12.3,142,9,0.0,-26.22 -58.23
FORMOSA_AERO,07/AGO/2022,12Hs,18.5,148,11,0.0,-26.22 -58.23
FORMOSA_AERO,07/AGO/2022,15Hs,21.2,153,11,0.0,-26.22 -58.23
FORMOSA_AERO,07/AGO/2022,18Hs,18.4,161,8,0.0,-26.22 -58.23
FORMOSA_AERO,07/AGO/2022,21Hs,16.9,117,12,0.0,-26.22 -58.23
FORMOSA_AERO,08/AGO/2022,00Hs,12.4,160,6,0.0,-26.22 -58.23
FORMOSA_AERO,08/AGO/2022,03Hs,12.5,178,10,0.0,-26.22 -58.23
FORMOSA_AERO,08/AGO/2022,06Hs,12.3,166,9,0.0,-26.22 -58.23
FORMOSA_AERO,08/AGO/2022,09Hs,14.3,156,13,0.0,-26.22 -58.23
FORMOSA_AERO,08/AGO/2022,12Hs,19.9,149,16,0.0,-26.22 -58.23
FORMOSA_AERO,08/AGO/2022,15Hs,22.1,170,14,0.0,-26.22 -58.23
FORMOSA_AERO,08/AGO/2022,18Hs,19.4,179,12,0.0,-26.22 -58.23
FORMOSA_AERO,08/AGO/2022,21Hs,15.5,181,19,0.0,-26.22 -58.23
FORMOSA_AERO,09/AGO/2022,00Hs,13.3,197,9,0.0,-26.22 -58.23
FORMOSA_AERO,09/AGO/2022,03Hs,12.4,200,11,0.0,-26.22 -58.23
FORMOSA_AERO,09/AGO/2022,06Hs,12.0,195,15,0.0,-26.22 -58.23
FORMOSA_AERO,09/AGO/2022,09Hs,13.1,217,15,0.0,-26.22 -58.23
FORMOSA_AERO,09/AGO/2022,12Hs,15.7,221,22,0.0,-26.22 -58.23
FORMOSA_AERO,09/AGO/2022,15Hs,15.6,228,19,0.0,-26.22 -58.23
FORMOSA_AERO,09/AGO/2022,18Hs,13.0,228,18,0.0,-26.22 -58.23
FORMOSA_AERO,09/AGO/2022,21Hs,11.8,244,15,0.0,-26.22 -58.23
GENERAL_PICO_AERO,05/AGO/2022,00Hs,7.9,114,8,0.0,-35.68 -63.77
GENERAL_PICO_AERO,05/AGO/2022,03Hs,6.3,75,5,0.0,-35.68 -63.77
GENERAL_PICO_AERO,05/AGO/2022,06Hs,5.4,43,9,0.0,-35.68 -63.77
GENERAL_PICO_AERO,05/AGO/2022,09Hs,6.2,47,10,0.0,-35.68 -63.77
GENERAL_PICO_AERO,05/AGO/2022,12Hs,15.3,23,17,0.0,-35.68 -63.77
GENERAL_PICO_AERO,05/AGO/2022,15Hs,19.0,6,16,0.0,-35.68 -63.77
GENERAL_PICO_AERO,05/AGO/2022,18Hs,17.1,46,12,0.0,-35.68 -63.77
GENERAL_PICO_AERO,05/AGO/2022,21Hs,14.7,51,16,0.0,-35.68 -63.77
GENERAL_PICO_AERO,06/AGO/2022,00Hs,10.6,106,12,0.0,-35.68 -63.77
GENERAL_PICO_AERO,06/AGO/2022,03Hs,8.9,67,14,0.0,-35.68 -63.77
GENERAL_PICO_AERO,06/AGO/2022,06Hs,8.7,109,12,0.0,-35.68 -63.77
GENERAL_PICO_AERO,06/AGO/2022,09Hs,7.8,87,18,0.0,-35.68 -63.77
GENERAL_PICO_AERO,06/AGO/2022,12Hs,12.4,62,17,0.0,-35.68 -63.77
GENERAL_PICO_AERO,06/AGO/2022,15Hs,16.1,62,18,0.0,-35.68 -63.77
GENERAL_PICO_AERO,06/AGO/2022,18Hs,14.4,88,13,0.0,-35.68 -63.77
GENERAL_PICO_AERO,06/AGO/2022,21Hs,10.5,130,20,0.0,-35.68 -63.77
GENERAL_PICO_AERO,07/AGO/2022,00Hs,9.8,105,22,0.0,-35.68 -63.77
GENERAL_PICO_AERO,07/AGO/2022,03Hs,8.4,97,22,0.0,-35.68 -63.77
GENERAL_PICO_AERO,07/AGO/2022,06Hs,6.5,106,19,0.0,-35.68 -63.77
GENERAL_PICO_AERO,07/AGO/2022,09Hs,6.1,104,17,0.0,-35.68 -63.77
GENERAL_PICO_AERO,07/AGO/2022,12Hs,10.4,80,21,0.0,-35.68 -63.77
GENERAL_PICO_AERO,07/AGO/2022,15Hs,13.1,85,21,0.0,-35.68 -63.77
GENERAL_PICO_AERO,07/AGO/2022,18Hs,12.2,99,21,0.0,-35.68 -63.77
GENERAL_PICO_AERO,07/AGO/2022,21Hs,10.1,108,20,0.0,-35.68 -63.77
GENERAL_PICO_AERO,08/AGO/2022,00Hs,9.3,104,23,0.0,-35.68 -63.77
GENERAL_PICO_AERO,08/AGO/2022,03Hs,8.4,101,19,0.0,-35.68 -63.77
GENERAL_PICO_AERO,08/AGO/2022,06Hs,7.3,115,17,0.0,-35.68 -63.77
GENERAL_PICO_AERO,08/AGO/2022,09Hs,6.6,116,18,0.0,-35.68 -63.77
GENERAL_PICO_AERO,08/AGO/2022,12Hs,9.3,109,19,0.0,-35.68 -63.77
GENERAL_PICO_AERO,08/AGO/2022,15Hs,12.3,112,18,0.0,-35.68 -63.77
GENERAL_PICO_AERO,08/AGO/2022,18Hs,11.6,125,15,0.0,-35.68 -63.77
GENERAL_PICO_AERO,08/AGO/2022,21Hs,6.5,124,12,0.0,-35.68 -63.77
GENERAL_PICO_AERO,09/AGO/2022,00Hs,5.0,124,10,0.0,-35.68 -63.77
GENERAL_PICO_AERO,09/AGO/2022,03Hs,3.9,113,7,0.0,-35.68 -63.77
GENERAL_PICO_AERO,09/AGO/2022,06Hs,3.0,126,7,0.0,-35.68 -63.77
GENERAL_PICO_AERO,09/AGO/2022,09Hs,4.0,71,8,0.0,-35.68 -63.77
GENERAL_PICO_AERO,09/AGO/2022,12Hs,11.9,30,12,0.0,-35.68 -63.77
GENERAL_PICO_AERO,09/AGO/2022,15Hs,14.8,14,13,0.0,-35.68 -63.77
GENERAL_PICO_AERO,09/AGO/2022,18Hs,13.5,29,13,0.0,-35.68 -63.77
GENERAL_PICO_AERO,09/AGO/2022,21Hs,8.1,24,14,0.0,-35.68 -63.77
GOBERNADOR_GREGORES_AERO,05/AGO/2022,00Hs,-0.9,194,6,0.0,-48.78 -70.17
GOBERNADOR_GREGORES_AERO,05/AGO/2022,03Hs,-1.8,216,4,0.0,-48.78 -70.17
GOBERNADOR_GREGORES_AERO,05/AGO/2022,06Hs,-1.7,196,6,0.0,-48.78 -70.17
GOBERNADOR_GREGORES_AERO,05/AGO/2022,09Hs,-1.9,209,4,0.0,-48.78 -70.17
GOBERNADOR_GREGORES_AERO,05/AGO/2022,12Hs,1.1,212,6,0.0,-48.78 -70.17
GOBERNADOR_GREGORES_AERO,05/AGO/2022,15Hs,2.5,194,9,0.0,-48.78 -70.17
GOBERNADOR_GREGORES_AERO,05/AGO/2022,18Hs,0.4,188,7,0.0,-48.78 -70.17
GOBERNADOR_GREGORES_AERO,05/AGO/2022,21Hs,-1.8,174,4,0.0,-48.78 -70.17
GOBERNADOR_GREGORES_AERO,06/AGO/2022,00Hs,-2.1,153,2,0.0,-48.78 -70.17
GOBERNADOR_GREGORES_AERO,06/AGO/2022,03Hs,-2.2,143,3,0.0,-48.78 -70.17
GOBERNADOR_GREGORES_AERO,06/AGO/2022,06Hs,-2.4,145,3,0.0,-48.78 -70.17
GOBERNADOR_GREGORES_AERO,06/AGO/2022,09Hs,-2.6,155,3,0.0,-48.78 -70.17
GOBERNADOR_GREGORES_AERO,06/AGO/2022,12Hs,-0.1,132,3,0.0,-48.78 -70.17
GOBERNADOR_GREGORES_AERO,06/AGO/2022,15Hs,1.3,100,3,0.0,-48.78 -70.17
GOBERNADOR_GREGORES_AERO,06/AGO/2022,18Hs,0.3,69,7,0.0,-48.78 -70.17
GOBERNADOR_GREGORES_AERO,06/AGO/2022,21Hs,-0.5,60,9,0.0,-48.78 -70.17
GOBERNADOR_GREGORES_AERO,07/AGO/2022,00Hs,-0.4,41,10,0.0,-48.78 -70.17
GOBERNADOR_GREGORES_AERO,07/AGO/2022,03Hs,-1.2,39,9,0.0,-48.78 -70.17
GOBERNADOR_GREGORES_AERO,07/AGO/2022,06Hs,-1.7,24,10,0.0,-48.78 -70.17
GOBERNADOR_GREGORES_AERO,07/AGO/2022,09Hs,-1.9,27,11,0.0,-48.78 -70.17
GOBERNADOR_GREGORES_AERO,07/AGO/2022,12Hs,0.9,358,21,0.0,-48.78 -70.17
GOBERNADOR_GREGORES_AERO,07/AGO/2022,15Hs,3.5,4,25,0.0,-48.78 -70.17
GOBERNADOR_GREGORES_AERO,07/AGO/2022,18Hs,1.6,20,16,0.0,-48.78 -70.17
GOBERNADOR_GREGORES_AERO,07/AGO/2022,21Hs,-0.6,22,14,0.0,-48.78 -70.17
GOBERNADOR_GREGORES_AERO,08/AGO/2022,00Hs,-1.4,4,13,0.0,-48.78 -70.17
GOBERNADOR_GREGORES_AERO,08/AGO/2022,03Hs,-1.6,13,14,0.0,-48.78 -70.17
GOBERNADOR_GREGORES_AERO,08/AGO/2022,06Hs,-2.0,354,10,0.0,-48.78 -70.17
GOBERNADOR_GREGORES_AERO,08/AGO/2022,09Hs,-2.4,355,8,0.0,-48.78 -70.17
GOBERNADOR_GREGORES_AERO,08/AGO/2022,12Hs,0.2,348,13,0.0,-48.78 -70.17
GOBERNADOR_GREGORES_AERO,08/AGO/2022,15Hs,2.5,341,14,0.0,-48.78 -70.17
GOBERNADOR_GREGORES_AERO,08/AGO/2022,18Hs,0.9,355,14,0.0,-48.78 -70.17
GOBERNADOR_GREGORES_AERO,08/AGO/2022,21Hs,0.8,5,21,0.0,-48.78 -70.17
GOBERNADOR_GREGORES_AERO,09/AGO/2022,00Hs,-0.0,356,18,0.0,-48.78 -70.17
GOBERNADOR_GREGORES_AERO,09/AGO/2022,03Hs,0.1,342,25,0.0,-48.78 -70.17
GOBERNADOR_GREGORES_AERO,09/AGO/2022,06Hs,0.1,346,22,0.0,-48.78 -70.17
GOBERNADOR_GREGORES_AERO,09/AGO/2022,09Hs,-0.7,355,18,0.0,-48.78 -70.17
GOBERNADOR_GREGORES_AERO,09/AGO/2022,12Hs,2.7,312,7,0.0,-48.78 -70.17
GOBERNADOR_GREGORES_AERO,09/AGO/2022,15Hs,7.1,267,9,0.0,-48.78 -70.17
GOBERNADOR_GREGORES_AERO,09/AGO/2022,18Hs,3.2,205,8,0.0,-48.78 -70.17
GOBERNADOR_GREGORES_AERO,09/AGO/2022,21Hs,0.6,46,5,0.0,-48.78 -70.17
GUALEGUAYCHU_AERO,05/AGO/2022,00Hs,6.3,209,9,0.0,-33.02 -58.62
GUALEGUAYCHU_AERO,05/AGO/2022,03Hs,5.4,216,6,0.0,-33.02 -58.62
GUALEGUAYCHU_AERO,05/AGO/2022,06Hs,4.6,225,6,0.0,-33.02 -58.62
GUALEGUAYCHU_AERO,05/AGO/2022,09Hs,6.9,248,4,0.0,-33.02 -58.62
GUALEGUAYCHU_AERO,05/AGO/2022,12Hs,13.1,234,8,0.0,-33.02 -58.62
GUALEGUAYCHU_AERO,05/AGO/2022,15Hs,15.5,183,6,0.0,-33.02 -58.62
GUALEGUAYCHU_AERO,05/AGO/2022,18Hs,11.5,92,10,0.0,-33.02 -58.62
GUALEGUAYCHU_AERO,05/AGO/2022,21Hs,8.9,93,11,0.0,-33.02 -58.62
GUALEGUAYCHU_AERO,06/AGO/2022,00Hs,6.6,87,12,0.0,-33.02 -58.62
GUALEGUAYCHU_AERO,06/AGO/2022,03Hs,5.4,61,11,0.0,-33.02 -58.62
GUALEGUAYCHU_AERO,06/AGO/2022,06Hs,4.6,56,11,0.0,-33.02 -58.62
GUALEGUAYCHU_AERO,06/AGO/2022,09Hs,6.6,78,12,0.0,-33.02 -58.62
GUALEGUAYCHU_AERO,06/AGO/2022,12Hs,13.0,84,15,0.0,-33.02 -58.62
GUALEGUAYCHU_AERO,06/AGO/2022,15Hs,15.3,94,18,0.0,-33.02 -58.62
GUALEGUAYCHU_AERO,06/AGO/2022,18Hs,11.5,99,13,0.0,-33.02 -58.62
GUALEGUAYCHU_AERO,06/AGO/2022,21Hs,8.2,103,14,0.0,-33.02 -58.62
GUALEGUAYCHU_AERO,07/AGO/2022,00Hs,6.9,113,14,0.0,-33.02 -58.62
GUALEGUAYCHU_AERO,07/AGO/2022,03Hs,5.7,117,13,0.0,-33.02 -58.62
GUALEGUAYCHU_AERO,07/AGO/2022,06Hs,4.2,116,13,0.0,-33.02 -58.62
GUALEGUAYCHU_AERO,07/AGO/2022,09Hs,6.4,114,19,0.0,-33.02 -58.62
GUALEGUAYCHU_AERO,07/AGO/2022,12Hs,12.9,107,23,0.0,-33.02 -58.62
GUALEGUAYCHU_AERO,07/AGO/2022,15Hs,14.3,101,24,0.0,-33.02 -58.62
GUALEGUAYCHU_AERO,07/AGO/2022,18Hs,12.7,104,21,0.0,-33.02 -58.62
GUALEGUAYCHU_AERO,07/AGO/2022,21Hs,11.8,117,19,0.0,-33.02 -58.62
GUALEGUAYCHU_AERO,08/AGO/2022,00Hs,9.4,120,20,0.0,-33.02 -58.62
GUALEGUAYCHU_AERO,08/AGO/2022,03Hs,7.7,124,16,0.0,-33.02 -58.62
GUALEGUAYCHU_AERO,08/AGO/2022,06Hs,6.8,125,17,0.0,-33.02 -58.62
GUALEGUAYCHU_AERO,08/AGO/2022,09Hs,7.4,123,17,0.0,-33.02 -58.62
GUALEGUAYCHU_AERO,08/AGO/2022,12Hs,10.0,117,20,0.0,-33.02 -58.62
GUALEGUAYCHU_AERO,08/AGO/2022,15Hs,12.5,110,16,0.0,-33.02 -58.62
GUALEGUAYCHU_AERO,08/AGO/2022,18Hs,11.2,149,13,0.3,-33.02 -58.62
GUALEGUAYCHU_AERO,08/AGO/2022,21Hs,10.2,113,11,0.3,-33.02 -58.62
GUALEGUAYCHU_AERO,09/AGO/2022,00Hs,9.2,164,9,0.6,-33.02 -58.62
GUALEGUAYCHU_AERO,09/AGO/2022,03Hs,8.5,152,10,0.8,-33.02 -58.62
GUALEGUAYCHU_AERO,09/AGO/2022,06Hs,8.3,147,14,2.2,-33.02 -58.62
GUALEGUAYCHU_AERO,09/AGO/2022,09Hs,8.3,141,18,0.8,-33.02 -58.62
GUALEGUAYCHU_AERO,09/AGO/2022,12Hs,10.7,126,17,0.0,-33.02 -58.62
GUALEGUAYCHU_AERO,09/AGO/2022,15Hs,14.4,122,22,0.0,-33.02 -58.62
GUALEGUAYCHU_AERO,09/AGO/2022,18Hs,11.5,154,14,0.0,-33.02 -58.62
GUALEGUAYCHU_AERO,09/AGO/2022,21Hs,8.8,153,21,0.0,-33.02 -58.62
IGUAZU_AERO,05/AGO/2022,00Hs,13.4,224,9,0.0,-25.73 -54.48
IGUAZU_AERO,05/AGO/2022,03Hs,12.2,182,8,0.0,-25.73 -54.48
IGUAZU_AERO,05/AGO/2022,06Hs,10.8,151,7,0.0,-25.73 -54.48
IGUAZU_AERO,05/AGO/2022,09Hs,13.5,148,10,0.0,-25.73 -54.48
IGUAZU_AERO,05/AGO/2022,12Hs,19.6,133,7,0.0,-25.73 -54.48
IGUAZU_AERO,05/AGO/2022,15Hs,23.0,230,4,0.0,-25.73 -54.48
IGUAZU_AERO,05/AGO/2022,18Hs,16.1,293,5,0.0,-25.73 -54.48
IGUAZU_AERO,05/AGO/2022,21Hs,13.8,115,6,0.0,-25.73 -54.48
IGUAZU_AERO,06/AGO/2022,00Hs,12.4,118,6,0.0,-25.73 -54.48
IGUAZU_AERO,06/AGO/2022,03Hs,12.2,140,8,0.0,-25.73 -54.48
IGUAZU_AERO,06/AGO/2022,06Hs,12.0,74,1,0.9,-25.73 -54.48
IGUAZU_AERO,06/AGO/2022,09Hs,13.2,184,5,3.4,-25.73 -54.48
IGUAZU_AERO,06/AGO/2022,12Hs,15.0,125,9,0.6,-25.73 -54.48
IGUAZU_AERO,06/AGO/2022,15Hs,13.8,186,12,0.2,-25.73 -54.48
IGUAZU_AERO,06/AGO/2022,18Hs,13.8,113,7,2.6,-25.73 -54.48
IGUAZU_AERO,06/AGO/2022,21Hs,13.9,120,5,9.7,-25.73 -54.48
IGUAZU_AERO,07/AGO/2022,00Hs,14.7,64,6,8.6,-25.73 -54.48
IGUAZU_AERO,07/AGO/2022,03Hs,14.4,135,3,0.2,-25.73 -54.48
IGUAZU_AERO,07/AGO/2022,06Hs,13.2,195,5,0.0,-25.73 -54.48
IGUAZU_AERO,07/AGO/2022,09Hs,15.2,146,6,0.0,-25.73 -54.48
IGUAZU_AERO,07/AGO/2022,12Hs,17.4,194,2,0.3,-25.73 -54.48
IGUAZU_AERO,07/AGO/2022,15Hs,17.3,285,8,1.4,-25.73 -54.48
IGUAZU_AERO,07/AGO/2022,18Hs,15.6,286,6,2.8,-25.73 -54.48
IGUAZU_AERO,07/AGO/2022,21Hs,15.7,175,2,0.9,-25.73 -54.48
IGUAZU_AERO,08/AGO/2022,00Hs,15.3,133,3,0.1,-25.73 -54.48
IGUAZU_AERO,08/AGO/2022,03Hs,15.5,97,2,0.1,-25.73 -54.48
IGUAZU_AERO,08/AGO/2022,06Hs,15.3,208,5,0.6,-25.73 -54.48
IGUAZU_AERO,08/AGO/2022,09Hs,15.6,161,5,0.4,-25.73 -54.48
IGUAZU_AERO,08/AGO/2022,12Hs,17.1,119,5,0.2,-25.73 -54.48
IGUAZU_AERO,08/AGO/2022,15Hs,20.2,359,7,0.8,-25.73 -54.48
IGUAZU_AERO,08/AGO/2022,18Hs,17.4,333,2,1.3,-25.73 -54.48
IGUAZU_AERO,08/AGO/2022,21Hs,16.6,197,2,4.7,-25.73 -54.48
IGUAZU_AERO,09/AGO/2022,00Hs,16.0,192,6,2.4,-25.73 -54.48
IGUAZU_AERO,09/AGO/2022,03Hs,15.5,182,6,0.0,-25.73 -54.48
IGUAZU_AERO,09/AGO/2022,06Hs,14.6,209,9,0.1,-25.73 -54.48
IGUAZU_AERO,09/AGO/2022,09Hs,13.4,199,10,0.5,-25.73 -54.48
IGUAZU_AERO,09/AGO/2022,12Hs,12.6,219,19,2.2,-25.73 -54.48
IGUAZU_AERO,09/AGO/2022,15Hs,11.9,222,11,3.6,-25.73 -54.48
IGUAZU_AERO,09/AGO/2022,18Hs,12.1,234,14,3.6,-25.73 -54.48
IGUAZU_AERO,09/AGO/2022,21Hs,11.0,233,10,0.4,-25.73 -54.48
ITUZAINGO,05/AGO/2022,00Hs,10.3,204,10,0.0,-27.58 -56.68
ITUZAINGO,05/AGO/2022,03Hs,8.5,192,8,0.0,-27.58 -56.68
ITUZAINGO,05/AGO/2022,06Hs,7.4,175,10,0.0,-27.58 -56.68
ITUZAINGO,05/AGO/2022,09Hs,9.4,161,11,0.0,-27.58 -56.68
ITUZAINGO,05/AGO/2022,12Hs,14.6,152,12,0.0,-27.58 -56.68
ITUZAINGO,05/AGO/2022,15Hs,16.9,161,12,0.0,-27.58 -56.68
ITUZAINGO,05/AGO/2022,18Hs,13.2,170,12,0.0,-27.58 -56.68
ITUZAINGO,05/AGO/2022,21Hs,9.7,140,12,0.0,-27.58 -56.68
ITUZAINGO,06/AGO/2022,00Hs,8.2,131,12,0.0,-27.58 -56.68
ITUZAINGO,06/AGO/2022,03Hs,7.6,128,12,0.0,-27.58 -56.68
ITUZAINGO,06/AGO/2022,06Hs,7.3,131,10,0.0,-27.58 -56.68
ITUZAINGO,06/AGO/2022,09Hs,10.7,88,10,0.0,-27.58 -56.68
ITUZAINGO,06/AGO/2022,12Hs,13.7,92,7,0.1,-27.58 -56.68
ITUZAINGO,06/AGO/2022,15Hs,11.5,107,2,0.1,-27.58 -56.68
ITUZAINGO,06/AGO/2022,18Hs,11.4,116,9,0.8,-27.58 -56.68
ITUZAINGO,06/AGO/2022,21Hs,10.5,170,5,0.0,-27.58 -56.68
ITUZAINGO,07/AGO/2022,00Hs,10.0,136,8,0.0,-27.58 -56.68
ITUZAINGO,07/AGO/2022,03Hs,9.5,154,7,0.0,-27.58 -56.68
ITUZAINGO,07/AGO/2022,06Hs,9.2,156,10,0.0,-27.58 -56.68
ITUZAINGO,07/AGO/2022,09Hs,11.7,143,15,0.0,-27.58 -56.68
ITUZAINGO,07/AGO/2022,12Hs,17.0,134,10,0.0,-27.58 -56.68
ITUZAINGO,07/AGO/2022,15Hs,16.5,162,9,0.0,-27.58 -56.68
ITUZAINGO,07/AGO/2022,18Hs,14.9,171,11,0.0,-27.58 -56.68
ITUZAINGO,07/AGO/2022,21Hs,13.8,156,14,0.0,-27.58 -56.68
ITUZAINGO,08/AGO/2022,00Hs,13.2,158,10,0.0,-27.58 -56.68
ITUZAINGO,08/AGO/2022,03Hs,12.9,167,11,0.0,-27.58 -56.68
ITUZAINGO,08/AGO/2022,06Hs,12.7,154,12,0.0,-27.58 -56.68
ITUZAINGO,08/AGO/2022,09Hs,13.5,155,13,0.0,-27.58 -56.68
ITUZAINGO,08/AGO/2022,12Hs,17.3,161,15,0.0,-27.58 -56.68
ITUZAINGO,08/AGO/2022,15Hs,18.7,166,14,0.0,-27.58 -56.68
ITUZAINGO,08/AGO/2022,18Hs,15.9,189,16,0.0,-27.58 -56.68
ITUZAINGO,08/AGO/2022,21Hs,13.9,190,15,0.0,-27.58 -56.68
ITUZAINGO,09/AGO/2022,00Hs,13.2,185,12,0.1,-27.58 -56.68
ITUZAINGO,09/AGO/2022,03Hs,11.3,190,12,0.0,-27.58 -56.68
ITUZAINGO,09/AGO/2022,06Hs,10.7,198,11,0.0,-27.58 -56.68
ITUZAINGO,09/AGO/2022,09Hs,11.8,206,12,0.0,-27.58 -56.68
ITUZAINGO,09/AGO/2022,12Hs,13.3,239,17,0.0,-27.58 -56.68
ITUZAINGO,09/AGO/2022,15Hs,13.1,230,19,0.0,-27.58 -56.68
ITUZAINGO,09/AGO/2022,18Hs,11.4,236,16,0.2,-27.58 -56.68
ITUZAINGO,09/AGO/2022,21Hs,10.8,244,14,0.1,-27.58 -56.68
JACHAL,05/AGO/2022,00Hs,8.5,69,3,0.0,-30.23 -68.73
JACHAL,05/AGO/2022,03Hs,7.1,52,1,0.0,-30.23 -68.73
JACHAL,05/AGO/2022,06Hs,5.8,48,3,0.0,-30.23 -68.73
JACHAL,05/AGO/2022,09Hs,6.6,169,0,0.0,-30.23 -68.73
JACHAL,05/AGO/2022,12Hs,12.5,86,6,0.0,-30.23 -68.73
JACHAL,05/AGO/2022,15Hs,15.7,84,8,0.0,-30.23 -68.73
JACHAL,05/AGO/2022,18Hs,16.0,98,8,0.0,-30.23 -68.73
JACHAL,05/AGO/2022,21Hs,12.0,192,10,0.0,-30.23 -68.73
JACHAL,06/AGO/2022,00Hs,9.3,194,13,0.0,-30.23 -68.73
JACHAL,06/AGO/2022,03Hs,7.7,191,7,0.0,-30.23 -68.73
JACHAL,06/AGO/2022,06Hs,6.4,217,9,0.0,-30.23 -68.73
JACHAL,06/AGO/2022,09Hs,7.5,237,7,0.0,-30.23 -68.73
JACHAL,06/AGO/2022,12Hs,11.0,148,17,0.0,-30.23 -68.73
JACHAL,06/AGO/2022,15Hs,13.4,138,14,0.0,-30.23 -68.73
JACHAL,06/AGO/2022,18Hs,12.8,140,25,0.0,-30.23 -68.73
JACHAL,06/AGO/2022,21Hs,8.2,185,18,0.0,-30.23 -68.73
JACHAL,07/AGO/2022,00Hs,6.7,217,14,0.0,-30.23 -68.73
JACHAL,07/AGO/2022,03Hs,6.3,171,7,0.0,-30.23 -68.73
JACHAL,07/AGO/2022,06Hs,5.3,117,6,0.0,-30.23 -68.73
JACHAL,07/AGO/2022,09Hs,4.4,129,6,0.0,-30.23 -68.73
JACHAL,07/AGO/2022,12Hs,4.8,162,14,0.0,-30.23 -68.73
JACHAL,07/AGO/2022,15Hs,6.0,162,18,0.0,-30.23 -68.73
JACHAL,07/AGO/2022,18Hs,4.5,169,22,0.0,-30.23 -68.73
JACHAL,07/AGO/2022,21Hs,2.7,179,17,0.6,-30.23 -68.73
JACHAL,08/AGO/2022,00Hs,2.2,195,13,1.1,-30.23 -68.73
JACHAL,08/AGO/2022,03Hs,2.0,210,8,0.5,-30.23 -68.73
JACHAL,08/AGO/2022,06Hs,1.6,296,2,0.4,-30.23 -68.73
JACHAL,08/AGO/2022,09Hs,2.1,71,7,0.2,-30.23 -68.73
JACHAL,08/AGO/2022,12Hs,2.0,105,7,0.1,-30.23 -68.73
JACHAL,08/AGO/2022,15Hs,4.3,67,4,0.1,-30.23 -68.73
JACHAL,08/AGO/2022,18Hs,5.6,171,11,0.0,-30.23 -68.73
JACHAL,08/AGO/2022,21Hs,4.8,148,13,0.0,-30.23 -68.73
JACHAL,09/AGO/2022,00Hs,3.2,104,6,0.0,-30.23 -68.73
JACHAL,09/AGO/2022,03Hs,3.0,109,4,0.0,-30.23 -68.73
JACHAL,09/AGO/2022,06Hs,1.8,38,8,0.0,-30.23 -68.73
JACHAL,09/AGO/2022,09Hs,1.6,29,10,0.0,-30.23 -68.73
JACHAL,09/AGO/2022,12Hs,7.2,30,14,0.0,-30.23 -68.73
JACHAL,09/AGO/2022,15Hs,11.2,58,8,0.0,-30.23 -68.73
JACHAL,09/AGO/2022,18Hs,12.3,66,6,0.0,-30.23 -68.73
JACHAL,09/AGO/2022,21Hs,8.7,102,4,0.0,-30.23 -68.73
JUJUY_AERO,05/AGO/2022,00Hs,10.2,265,2,0.0,-24.38 -65.1
JUJUY_AERO,05/AGO/2022,03Hs,9.9,285,0,0.0,-24.38 -65.1
JUJUY_AERO,05/AGO/2022,06Hs,7.0,285,4,0.0,-24.38 -65.1
JUJUY_AERO,05/AGO/2022,09Hs,9.4,318,2,0.0,-24.38 -65.1
JUJUY_AERO,05/AGO/2022,12Hs,15.6,86,9,0.0,-24.38 -65.1
JUJUY_AERO,05/AGO/2022,15Hs,18.4,79,11,0.0,-24.38 -65.1
JUJUY_AERO,05/AGO/2022,18Hs,16.2,66,9,0.0,-24.38 -65.1
JUJUY_AERO,05/AGO/2022,21Hs,10.3,274,6,0.0,-24.38 -65.1
JUJUY_AERO,06/AGO/2022,00Hs,8.9,273,7,0.0,-24.38 -65.1
JUJUY_AERO,06/AGO/2022,03Hs,7.9,270,6,0.0,-24.38 -65.1
JUJUY_AERO,06/AGO/2022,06Hs,7.1,261,6,0.0,-24.38 -65.1
JUJUY_AERO,06/AGO/2022,09Hs,10.5,271,3,0.0,-24.38 -65.1
JUJUY_AERO,06/AGO/2022,12Hs,17.7,95,11,0.0,-24.38 -65.1
JUJUY_AERO,06/AGO/2022,15Hs,21.0,85,11,0.0,-24.38 -65.1
JUJUY_AERO,06/AGO/2022,18Hs,19.4,58,9,0.0,-24.38 -65.1
JUJUY_AERO,06/AGO/2022,21Hs,12.8,279,7,0.0,-24.38 -65.1
JUJUY_AERO,07/AGO/2022,00Hs,11.2,272,7,0.0,-24.38 -65.1
JUJUY_AERO,07/AGO/2022,03Hs,10.3,274,7,0.0,-24.38 -65.1
JUJUY_AERO,07/AGO/2022,06Hs,9.1,275,5,0.0,-24.38 -65.1
JUJUY_AERO,07/AGO/2022,09Hs,11.6,272,2,0.0,-24.38 -65.1
JUJUY_AERO,07/AGO/2022,12Hs,17.0,84,10,0.0,-24.38 -65.1
JUJUY_AERO,07/AGO/2022,15Hs,19.9,68,11,0.0,-24.38 -65.1
JUJUY_AERO,07/AGO/2022,18Hs,18.1,58,10,0.0,-24.38 -65.1
JUJUY_AERO,07/AGO/2022,21Hs,12.3,327,4,0.0,-24.38 -65.1
JUJUY_AERO,08/AGO/2022,00Hs,13.4,333,4,0.0,-24.38 -65.1
JUJUY_AERO,08/AGO/2022,03Hs,12.8,40,3,0.0,-24.38 -65.1
JUJUY_AERO,08/AGO/2022,06Hs,11.5,44,2,0.0,-24.38 -65.1
JUJUY_AERO,08/AGO/2022,09Hs,11.6,82,3,0.0,-24.38 -65.1
JUJUY_AERO,08/AGO/2022,12Hs,14.2,86,10,0.0,-24.38 -65.1
JUJUY_AERO,08/AGO/2022,15Hs,12.9,92,9,0.0,-24.38 -65.1
JUJUY_AERO,08/AGO/2022,18Hs,10.8,84,5,0.0,-24.38 -65.1
JUJUY_AERO,08/AGO/2022,21Hs,9.5,153,5,0.0,-24.38 -65.1
JUJUY_AERO,09/AGO/2022,00Hs,7.8,168,3,0.2,-24.38 -65.1
JUJUY_AERO,09/AGO/2022,03Hs,6.7,198,3,0.2,-24.38 -65.1
JUJUY_AERO,09/AGO/2022,06Hs,6.2,190,3,0.2,-24.38 -65.1
JUJUY_AERO,09/AGO/2022,09Hs,6.1,175,2,0.2,-24.38 -65.1
JUJUY_AERO,09/AGO/2022,12Hs,7.6,244,2,0.1,-24.38 -65.1
JUJUY_AERO,09/AGO/2022,15Hs,11.5,182,3,0.0,-24.38 -65.1
JUJUY_AERO,09/AGO/2022,18Hs,12.6,82,2,0.0,-24.38 -65.1
JUJUY_AERO,09/AGO/2022,21Hs,5.8,268,7,0.0,-24.38 -65.1
JUJUY_U_N,05/AGO/2022,00Hs,10.2,265,2,0.0,-24.38 -65.1
JUJUY_U_N,05/AGO/2022,03Hs,9.9,285,0,0.0,-24.38 -65.1
JUJUY_U_N,05/AGO/2022,06Hs,7.0,285,4,0.0,-24.38 -65.1
JUJUY_U_N,05/AGO/2022,09Hs,9.4,318,2,0.0,-24.38 -65.1
JUJUY_U_N,05/AGO/2022,12Hs,15.6,86,9,0.0,-24.38 -65.1
JUJUY_U_N,05/AGO/2022,15Hs,18.4,79,11,0.0,-24.38 -65.1
JUJUY_U_N,05/AGO/2022,18Hs,16.2,66,9,0.0,-24.38 -65.1
JUJUY_U_N,05/AGO/2022,21Hs,10.3,274,6,0.0,-24.38 -65.1
JUJUY_U_N,06/AGO/2022,00Hs,8.9,273,7,0.0,-24.38 -65.1
JUJUY_U_N,06/AGO/2022,03Hs,7.9,270,6,0.0,-24.38 -65.1
JUJUY_U_N,06/AGO/2022,06Hs,7.1,261,6,0.0,-24.38 -65.1
JUJUY_U_N,06/AGO/2022,09Hs,10.5,271,3,0.0,-24.38 -65.1
JUJUY_U_N,06/AGO/2022,12Hs,17.7,95,11,0.0,-24.38 -65.1
JUJUY_U_N,06/AGO/2022,15Hs,21.0,85,11,0.0,-24.38 -65.1
JUJUY_U_N,06/AGO/2022,18Hs,19.4,58,9,0.0,-24.38 -65.1
JUJUY_U_N,06/AGO/2022,21Hs,12.8,279,7,0.0,-24.38 -65.1
JUJUY_U_N,07/AGO/2022,00Hs,11.2,272,7,0.0,-24.38 -65.1
JUJUY_U_N,07/AGO/2022,03Hs,10.3,274,7,0.0,-24.38 -65.1
JUJUY_U_N,07/AGO/2022,06Hs,9.1,275,5,0.0,-24.38 -65.1
JUJUY_U_N,07/AGO/2022,09Hs,11.6,272,2,0.0,-24.38 -65.1
JUJUY_U_N,07/AGO/2022,12Hs,17.0,84,10,0.0,-24.38 -65.1
JUJUY_U_N,07/AGO/2022,15Hs,19.9,68,11,0.0,-24.38 -65.1
JUJUY_U_N,07/AGO/2022,18Hs,18.1,58,10,0.0,-24.38 -65.1
JUJUY_U_N,07/AGO/2022,21Hs,12.3,327,4,0.0,-24.38 -65.1
JUJUY_U_N,08/AGO/2022,00Hs,13.4,333,4,0.0,-24.38 -65.1
JUJUY_U_N,08/AGO/2022,03Hs,12.8,40,3,0.0,-24.38 -65.1
JUJUY_U_N,08/AGO/2022,06Hs,11.5,44,2,0.0,-24.38 -65.1
JUJUY_U_N,08/AGO/2022,09Hs,11.6,82,3,0.0,-24.38 -65.1
JUJUY_U_N,08/AGO/2022,12Hs,14.2,86,10,0.0,-24.38 -65.1
JUJUY_U_N,08/AGO/2022,15Hs,12.9,92,9,0.0,-24.38 -65.1
JUJUY_U_N,08/AGO/2022,18Hs,10.8,84,5,0.0,-24.38 -65.1
JUJUY_U_N,08/AGO/2022,21Hs,9.5,153,5,0.0,-24.38 -65.1
JUJUY_U_N,09/AGO/2022,00Hs,7.8,168,3,0.2,-24.38 -65.1
JUJUY_U_N,09/AGO/2022,03Hs,6.7,198,3,0.2,-24.38 -65.1
JUJUY_U_N,09/AGO/2022,06Hs,6.2,190,3,0.2,-24.38 -65.1
JUJUY_U_N,09/AGO/2022,09Hs,6.1,175,2,0.2,-24.38 -65.1
JUJUY_U_N,09/AGO/2022,12Hs,7.6,244,2,0.1,-24.38 -65.1
JUJUY_U_N,09/AGO/2022,15Hs,11.5,182,3,0.0,-24.38 -65.1
JUJUY_U_N,09/AGO/2022,18Hs,12.6,82,2,0.0,-24.38 -65.1
JUJUY_U_N,09/AGO/2022,21Hs,5.8,268,7,0.0,-24.38 -65.1
JUNIN_AERO,05/AGO/2022,00Hs,7.1,190,4,0.0,-34.55 -60.93
JUNIN_AERO,05/AGO/2022,03Hs,6.1,249,3,0.0,-34.55 -60.93
JUNIN_AERO,05/AGO/2022,06Hs,5.4,213,4,0.0,-34.55 -60.93
JUNIN_AERO,05/AGO/2022,09Hs,7.2,2,2,0.0,-34.55 -60.93
JUNIN_AERO,05/AGO/2022,12Hs,14.7,18,8,0.0,-34.55 -60.93
JUNIN_AERO,05/AGO/2022,15Hs,17.8,0,10,0.0,-34.55 -60.93
JUNIN_AERO,05/AGO/2022,18Hs,14.1,36,10,0.0,-34.55 -60.93
JUNIN_AERO,05/AGO/2022,21Hs,9.5,52,12,0.0,-34.55 -60.93
JUNIN_AERO,06/AGO/2022,00Hs,7.2,45,12,0.0,-34.55 -60.93
JUNIN_AERO,06/AGO/2022,03Hs,6.1,35,12,0.0,-34.55 -60.93
JUNIN_AERO,06/AGO/2022,06Hs,5.7,37,11,0.0,-34.55 -60.93
JUNIN_AERO,06/AGO/2022,09Hs,6.2,51,10,0.0,-34.55 -60.93
JUNIN_AERO,06/AGO/2022,12Hs,14.1,57,14,0.0,-34.55 -60.93
JUNIN_AERO,06/AGO/2022,15Hs,16.9,76,16,0.0,-34.55 -60.93
JUNIN_AERO,06/AGO/2022,18Hs,13.7,86,15,0.0,-34.55 -60.93
JUNIN_AERO,06/AGO/2022,21Hs,10.0,102,18,0.0,-34.55 -60.93
JUNIN_AERO,07/AGO/2022,00Hs,7.8,98,15,0.0,-34.55 -60.93
JUNIN_AERO,07/AGO/2022,03Hs,6.6,110,12,0.0,-34.55 -60.93
JUNIN_AERO,07/AGO/2022,06Hs,4.9,119,14,0.0,-34.55 -60.93
JUNIN_AERO,07/AGO/2022,09Hs,5.9,112,17,0.0,-34.55 -60.93
JUNIN_AERO,07/AGO/2022,12Hs,12.2,96,24,0.0,-34.55 -60.93
JUNIN_AERO,07/AGO/2022,15Hs,14.9,95,24,0.0,-34.55 -60.93
JUNIN_AERO,07/AGO/2022,18Hs,11.8,102,22,0.0,-34.55 -60.93
JUNIN_AERO,07/AGO/2022,21Hs,8.4,96,16,0.0,-34.55 -60.93
JUNIN_AERO,08/AGO/2022,00Hs,8.1,107,19,0.0,-34.55 -60.93
JUNIN_AERO,08/AGO/2022,03Hs,5.3,124,15,0.0,-34.55 -60.93
JUNIN_AERO,08/AGO/2022,06Hs,4.5,123,16,0.0,-34.55 -60.93
JUNIN_AERO,08/AGO/2022,09Hs,5.5,126,17,0.0,-34.55 -60.93
JUNIN_AERO,08/AGO/2022,12Hs,11.6,109,22,0.0,-34.55 -60.93
JUNIN_AERO,08/AGO/2022,15Hs,13.2,108,21,0.0,-34.55 -60.93
JUNIN_AERO,08/AGO/2022,18Hs,11.4,118,19,0.0,-34.55 -60.93
JUNIN_AERO,08/AGO/2022,21Hs,7.3,139,13,0.0,-34.55 -60.93
JUNIN_AERO,09/AGO/2022,00Hs,5.7,136,13,0.0,-34.55 -60.93
JUNIN_AERO,09/AGO/2022,03Hs,6.5,143,10,0.0,-34.55 -60.93
JUNIN_AERO,09/AGO/2022,06Hs,6.4,160,12,0.0,-34.55 -60.93
JUNIN_AERO,09/AGO/2022,09Hs,6.7,155,13,0.0,-34.55 -60.93
JUNIN_AERO,09/AGO/2022,12Hs,12.3,114,15,0.0,-34.55 -60.93
JUNIN_AERO,09/AGO/2022,15Hs,14.4,100,12,0.0,-34.55 -60.93
JUNIN_AERO,09/AGO/2022,18Hs,13.0,95,7,0.0,-34.55 -60.93
JUNIN_AERO,09/AGO/2022,21Hs,8.9,90,9,0.0,-34.55 -60.93
LABOULAYE_AERO,05/AGO/2022,00Hs,8.7,77,9,0.0,-34.13 -63.37
LABOULAYE_AERO,05/AGO/2022,03Hs,7.1,41,7,0.0,-34.13 -63.37
LABOULAYE_AERO,05/AGO/2022,06Hs,6.2,36,10,0.0,-34.13 -63.37
LABOULAYE_AERO,05/AGO/2022,09Hs,7.3,36,12,0.0,-34.13 -63.37
LABOULAYE_AERO,05/AGO/2022,12Hs,16.5,15,21,0.0,-34.13 -63.37
LABOULAYE_AERO,05/AGO/2022,15Hs,19.8,18,22,0.0,-34.13 -63.37
LABOULAYE_AERO,05/AGO/2022,18Hs,17.8,31,19,0.0,-34.13 -63.37
LABOULAYE_AERO,05/AGO/2022,21Hs,11.4,50,16,0.0,-34.13 -63.37
LABOULAYE_AERO,06/AGO/2022,00Hs,10.2,28,22,0.0,-34.13 -63.37
LABOULAYE_AERO,06/AGO/2022,03Hs,8.1,23,16,0.0,-34.13 -63.37
LABOULAYE_AERO,06/AGO/2022,06Hs,6.6,33,18,0.0,-34.13 -63.37
LABOULAYE_AERO,06/AGO/2022,09Hs,6.9,34,17,0.0,-34.13 -63.37
LABOULAYE_AERO,06/AGO/2022,12Hs,13.8,36,22,0.0,-34.13 -63.37
LABOULAYE_AERO,06/AGO/2022,15Hs,17.2,48,19,0.0,-34.13 -63.37
LABOULAYE_AERO,06/AGO/2022,18Hs,15.2,62,14,0.0,-34.13 -63.37
LABOULAYE_AERO,06/AGO/2022,21Hs,10.0,85,11,0.0,-34.13 -63.37
LABOULAYE_AERO,07/AGO/2022,00Hs,8.3,94,15,0.0,-34.13 -63.37
LABOULAYE_AERO,07/AGO/2022,03Hs,7.5,84,15,0.0,-34.13 -63.37
LABOULAYE_AERO,07/AGO/2022,06Hs,6.5,98,17,0.0,-34.13 -63.37
LABOULAYE_AERO,07/AGO/2022,09Hs,6.5,98,16,0.0,-34.13 -63.37
LABOULAYE_AERO,07/AGO/2022,12Hs,11.8,85,22,0.0,-34.13 -63.37
LABOULAYE_AERO,07/AGO/2022,15Hs,15.1,85,23,0.0,-34.13 -63.37
LABOULAYE_AERO,07/AGO/2022,18Hs,13.4,91,22,0.0,-34.13 -63.37
LABOULAYE_AERO,07/AGO/2022,21Hs,10.8,99,22,0.0,-34.13 -63.37
LABOULAYE_AERO,08/AGO/2022,00Hs,10.3,96,22,0.0,-34.13 -63.37
LABOULAYE_AERO,08/AGO/2022,03Hs,9.2,90,20,0.0,-34.13 -63.37
LABOULAYE_AERO,08/AGO/2022,06Hs,7.3,105,14,0.7,-34.13 -63.37
LABOULAYE_AERO,08/AGO/2022,09Hs,6.9,128,17,1.3,-34.13 -63.37
LABOULAYE_AERO,08/AGO/2022,12Hs,9.3,105,19,0.0,-34.13 -63.37
LABOULAYE_AERO,08/AGO/2022,15Hs,10.1,93,14,0.0,-34.13 -63.37
LABOULAYE_AERO,08/AGO/2022,18Hs,10.8,133,9,0.0,-34.13 -63.37
LABOULAYE_AERO,08/AGO/2022,21Hs,9.8,141,8,0.0,-34.13 -63.37
LABOULAYE_AERO,09/AGO/2022,00Hs,9.2,154,9,0.0,-34.13 -63.37
LABOULAYE_AERO,09/AGO/2022,03Hs,8.2,140,9,0.0,-34.13 -63.37
LABOULAYE_AERO,09/AGO/2022,06Hs,5.2,151,8,0.0,-34.13 -63.37
LABOULAYE_AERO,09/AGO/2022,09Hs,6.2,85,10,0.0,-34.13 -63.37
LABOULAYE_AERO,09/AGO/2022,12Hs,12.7,72,11,0.0,-34.13 -63.37
LABOULAYE_AERO,09/AGO/2022,15Hs,15.2,27,9,0.0,-34.13 -63.37
LABOULAYE_AERO,09/AGO/2022,18Hs,13.8,7,10,0.0,-34.13 -63.37
LABOULAYE_AERO,09/AGO/2022,21Hs,8.1,358,8,0.0,-34.13 -63.37
LAS_FLORES_AERO,05/AGO/2022,00Hs,5.9,241,10,0.0,-36.03 -59.13
LAS_FLORES_AERO,05/AGO/2022,03Hs,4.9,194,11,0.0,-36.03 -59.13
LAS_FLORES_AERO,05/AGO/2022,06Hs,3.8,198,9,0.0,-36.03 -59.13
LAS_FLORES_AERO,05/AGO/2022,09Hs,5.3,181,5,0.0,-36.03 -59.13
LAS_FLORES_AERO,05/AGO/2022,12Hs,12.0,276,7,0.0,-36.03 -59.13
LAS_FLORES_AERO,05/AGO/2022,15Hs,14.8,263,8,0.0,-36.03 -59.13
LAS_FLORES_AERO,05/AGO/2022,18Hs,11.5,140,2,0.0,-36.03 -59.13
LAS_FLORES_AERO,05/AGO/2022,21Hs,8.7,55,8,0.0,-36.03 -59.13
LAS_FLORES_AERO,06/AGO/2022,00Hs,7.1,27,11,0.0,-36.03 -59.13
LAS_FLORES_AERO,06/AGO/2022,03Hs,5.7,57,4,0.0,-36.03 -59.13
LAS_FLORES_AERO,06/AGO/2022,06Hs,4.6,132,8,0.0,-36.03 -59.13
LAS_FLORES_AERO,06/AGO/2022,09Hs,5.7,118,10,0.0,-36.03 -59.13
LAS_FLORES_AERO,06/AGO/2022,12Hs,11.4,113,13,0.0,-36.03 -59.13
LAS_FLORES_AERO,06/AGO/2022,15Hs,13.2,112,15,0.0,-36.03 -59.13
LAS_FLORES_AERO,06/AGO/2022,18Hs,10.4,123,16,0.0,-36.03 -59.13
LAS_FLORES_AERO,06/AGO/2022,21Hs,8.0,114,15,0.0,-36.03 -59.13
LAS_FLORES_AERO,07/AGO/2022,00Hs,6.7,109,13,0.0,-36.03 -59.13
LAS_FLORES_AERO,07/AGO/2022,03Hs,6.0,122,15,0.0,-36.03 -59.13
LAS_FLORES_AERO,07/AGO/2022,06Hs,5.7,128,15,0.0,-36.03 -59.13
LAS_FLORES_AERO,07/AGO/2022,09Hs,6.1,121,15,0.0,-36.03 -59.13
LAS_FLORES_AERO,07/AGO/2022,12Hs,9.3,114,19,0.0,-36.03 -59.13
LAS_FLORES_AERO,07/AGO/2022,15Hs,11.1,118,19,0.0,-36.03 -59.13
LAS_FLORES_AERO,07/AGO/2022,18Hs,9.3,115,14,0.0,-36.03 -59.13
LAS_FLORES_AERO,07/AGO/2022,21Hs,6.9,115,15,0.0,-36.03 -59.13
LAS_FLORES_AERO,08/AGO/2022,00Hs,5.4,114,13,0.0,-36.03 -59.13
LAS_FLORES_AERO,08/AGO/2022,03Hs,4.3,128,12,0.0,-36.03 -59.13
LAS_FLORES_AERO,08/AGO/2022,06Hs,3.8,137,13,0.0,-36.03 -59.13
LAS_FLORES_AERO,08/AGO/2022,09Hs,4.4,134,15,0.0,-36.03 -59.13
LAS_FLORES_AERO,08/AGO/2022,12Hs,10.1,109,18,0.0,-36.03 -59.13
LAS_FLORES_AERO,08/AGO/2022,15Hs,12.0,97,16,0.0,-36.03 -59.13
LAS_FLORES_AERO,08/AGO/2022,18Hs,10.4,119,11,0.0,-36.03 -59.13
LAS_FLORES_AERO,08/AGO/2022,21Hs,7.1,110,11,0.0,-36.03 -59.13
LAS_FLORES_AERO,09/AGO/2022,00Hs,4.7,123,12,0.0,-36.03 -59.13
LAS_FLORES_AERO,09/AGO/2022,03Hs,4.0,140,12,0.0,-36.03 -59.13
LAS_FLORES_AERO,09/AGO/2022,06Hs,3.5,145,12,0.0,-36.03 -59.13
LAS_FLORES_AERO,09/AGO/2022,09Hs,5.0,135,11,0.0,-36.03 -59.13
LAS_FLORES_AERO,09/AGO/2022,12Hs,11.8,92,13,0.0,-36.03 -59.13
LAS_FLORES_AERO,09/AGO/2022,15Hs,13.9,78,11,0.0,-36.03 -59.13
LAS_FLORES_AERO,09/AGO/2022,18Hs,11.4,79,10,0.0,-36.03 -59.13
LAS_FLORES_AERO,09/AGO/2022,21Hs,7.2,71,13,0.0,-36.03 -59.13
LAS_LOMITAS,05/AGO/2022,00Hs,12.7,175,8,0.0,-36.03 -59.13
LAS_LOMITAS,05/AGO/2022,03Hs,10.5,145,7,0.0,-36.03 -59.13
LAS_LOMITAS,05/AGO/2022,06Hs,9.2,146,8,0.0,-36.03 -59.13
LAS_LOMITAS,05/AGO/2022,09Hs,12.0,116,10,0.0,-36.03 -59.13
LAS_LOMITAS,05/AGO/2022,12Hs,20.1,110,10,0.0,-36.03 -59.13
LAS_LOMITAS,05/AGO/2022,15Hs,23.9,102,8,0.0,-36.03 -59.13
LAS_LOMITAS,05/AGO/2022,18Hs,22.2,106,8,0.0,-36.03 -59.13
LAS_LOMITAS,05/AGO/2022,21Hs,15.8,119,8,0.0,-36.03 -59.13
LAS_LOMITAS,06/AGO/2022,00Hs,17.2,106,10,0.0,-36.03 -59.13
LAS_LOMITAS,06/AGO/2022,03Hs,16.3,100,11,0.0,-36.03 -59.13
LAS_LOMITAS,06/AGO/2022,06Hs,15.5,86,9,0.0,-36.03 -59.13
LAS_LOMITAS,06/AGO/2022,09Hs,16.1,84,8,0.0,-36.03 -59.13
LAS_LOMITAS,06/AGO/2022,12Hs,18.1,44,7,0.0,-36.03 -59.13
LAS_LOMITAS,06/AGO/2022,15Hs,18.1,71,8,0.4,-36.03 -59.13
LAS_LOMITAS,06/AGO/2022,18Hs,19.0,73,12,0.0,-36.03 -59.13
LAS_LOMITAS,06/AGO/2022,21Hs,13.2,97,8,0.0,-36.03 -59.13
LAS_LOMITAS,07/AGO/2022,00Hs,12.4,115,8,0.0,-36.03 -59.13
LAS_LOMITAS,07/AGO/2022,03Hs,11.9,141,8,0.0,-36.03 -59.13
LAS_LOMITAS,07/AGO/2022,06Hs,12.5,126,9,0.0,-36.03 -59.13
LAS_LOMITAS,07/AGO/2022,09Hs,13.6,149,7,0.0,-36.03 -59.13
LAS_LOMITAS,07/AGO/2022,12Hs,17.4,134,8,0.0,-36.03 -59.13
LAS_LOMITAS,07/AGO/2022,15Hs,23.4,117,10,0.0,-36.03 -59.13
LAS_LOMITAS,07/AGO/2022,18Hs,22.6,88,9,0.0,-36.03 -59.13
LAS_LOMITAS,07/AGO/2022,21Hs,17.5,150,3,0.0,-36.03 -59.13
LAS_LOMITAS,08/AGO/2022,00Hs,16.6,136,11,0.0,-36.03 -59.13
LAS_LOMITAS,08/AGO/2022,03Hs,13.4,155,9,0.0,-36.03 -59.13
LAS_LOMITAS,08/AGO/2022,06Hs,12.1,141,9,0.0,-36.03 -59.13
LAS_LOMITAS,08/AGO/2022,09Hs,14.8,134,9,0.0,-36.03 -59.13
LAS_LOMITAS,08/AGO/2022,12Hs,17.2,180,12,0.0,-36.03 -59.13
LAS_LOMITAS,08/AGO/2022,15Hs,17.5,187,16,0.0,-36.03 -59.13
LAS_LOMITAS,08/AGO/2022,18Hs,16.9,170,13,0.0,-36.03 -59.13
LAS_LOMITAS,08/AGO/2022,21Hs,15.6,204,18,0.0,-36.03 -59.13
LAS_LOMITAS,09/AGO/2022,00Hs,13.6,198,18,0.0,-36.03 -59.13
LAS_LOMITAS,09/AGO/2022,03Hs,13.3,198,16,0.0,-36.03 -59.13
LAS_LOMITAS,09/AGO/2022,06Hs,13.2,206,16,0.0,-36.03 -59.13
LAS_LOMITAS,09/AGO/2022,09Hs,11.4,209,14,0.2,-36.03 -59.13
LAS_LOMITAS,09/AGO/2022,12Hs,15.5,206,23,0.0,-36.03 -59.13
LAS_LOMITAS,09/AGO/2022,15Hs,19.2,211,21,0.0,-36.03 -59.13
LAS_LOMITAS,09/AGO/2022,18Hs,16.8,209,20,0.0,-36.03 -59.13
LAS_LOMITAS,09/AGO/2022,21Hs,10.6,191,12,0.0,-36.03 -59.13
LA_PLATA_AERO,05/AGO/2022,00Hs,6.0,238,6,0.0,-38.72 -62.17
LA_PLATA_AERO,05/AGO/2022,03Hs,5.3,248,6,0.0,-38.72 -62.17
LA_PLATA_AERO,05/AGO/2022,06Hs,4.6,246,7,0.0,-38.72 -62.17
LA_PLATA_AERO,05/AGO/2022,09Hs,5.9,197,7,0.0,-38.72 -62.17
LA_PLATA_AERO,05/AGO/2022,12Hs,12.7,214,6,0.0,-38.72 -62.17
LA_PLATA_AERO,05/AGO/2022,15Hs,15.0,214,8,0.0,-38.72 -62.17
LA_PLATA_AERO,05/AGO/2022,18Hs,11.4,146,4,0.0,-38.72 -62.17
LA_PLATA_AERO,05/AGO/2022,21Hs,8.4,73,7,0.0,-38.72 -62.17
LA_PLATA_AERO,06/AGO/2022,00Hs,7.6,70,8,0.0,-38.72 -62.17
LA_PLATA_AERO,06/AGO/2022,03Hs,7.1,41,7,0.0,-38.72 -62.17
LA_PLATA_AERO,06/AGO/2022,06Hs,6.8,44,7,0.0,-38.72 -62.17
LA_PLATA_AERO,06/AGO/2022,09Hs,8.5,62,4,0.0,-38.72 -62.17
LA_PLATA_AERO,06/AGO/2022,12Hs,13.2,92,10,0.0,-38.72 -62.17
LA_PLATA_AERO,06/AGO/2022,15Hs,14.5,87,14,0.0,-38.72 -62.17
LA_PLATA_AERO,06/AGO/2022,18Hs,10.2,96,14,0.0,-38.72 -62.17
LA_PLATA_AERO,06/AGO/2022,21Hs,7.3,117,13,0.0,-38.72 -62.17
LA_PLATA_AERO,07/AGO/2022,00Hs,7.2,117,12,0.0,-38.72 -62.17
LA_PLATA_AERO,07/AGO/2022,03Hs,6.4,124,10,0.0,-38.72 -62.17
LA_PLATA_AERO,07/AGO/2022,06Hs,6.3,130,12,0.0,-38.72 -62.17
LA_PLATA_AERO,07/AGO/2022,09Hs,7.6,130,13,0.0,-38.72 -62.17
LA_PLATA_AERO,07/AGO/2022,12Hs,11.6,114,19,0.0,-38.72 -62.17
LA_PLATA_AERO,07/AGO/2022,15Hs,12.4,109,19,0.0,-38.72 -62.17
LA_PLATA_AERO,07/AGO/2022,18Hs,8.8,115,17,0.0,-38.72 -62.17
LA_PLATA_AERO,07/AGO/2022,21Hs,6.2,127,12,0.0,-38.72 -62.17
LA_PLATA_AERO,08/AGO/2022,00Hs,5.6,133,11,0.0,-38.72 -62.17
LA_PLATA_AERO,08/AGO/2022,03Hs,5.2,139,10,0.0,-38.72 -62.17
LA_PLATA_AERO,08/AGO/2022,06Hs,5.3,139,10,0.0,-38.72 -62.17
LA_PLATA_AERO,08/AGO/2022,09Hs,7.3,130,12,0.0,-38.72 -62.17
LA_PLATA_AERO,08/AGO/2022,12Hs,13.0,97,19,0.0,-38.72 -62.17
LA_PLATA_AERO,08/AGO/2022,15Hs,13.5,95,20,0.0,-38.72 -62.17
LA_PLATA_AERO,08/AGO/2022,18Hs,10.8,118,16,0.0,-38.72 -62.17
LA_PLATA_AERO,08/AGO/2022,21Hs,8.6,128,14,0.0,-38.72 -62.17
LA_PLATA_AERO,09/AGO/2022,00Hs,7.7,133,11,0.0,-38.72 -62.17
LA_PLATA_AERO,09/AGO/2022,03Hs,7.1,136,10,0.0,-38.72 -62.17
LA_PLATA_AERO,09/AGO/2022,06Hs,6.7,133,9,0.0,-38.72 -62.17
LA_PLATA_AERO,09/AGO/2022,09Hs,8.0,135,9,0.0,-38.72 -62.17
LA_PLATA_AERO,09/AGO/2022,12Hs,13.7,103,17,0.0,-38.72 -62.17
LA_PLATA_AERO,09/AGO/2022,15Hs,14.2,97,18,0.0,-38.72 -62.17
LA_PLATA_AERO,09/AGO/2022,18Hs,10.5,105,14,0.0,-38.72 -62.17
LA_PLATA_AERO,09/AGO/2022,21Hs,7.2,128,11,0.0,-38.72 -62.17
LA_QUIACA_OBS,05/AGO/2022,00Hs,0.7,44,10,0.0,-38.72 -62.17
LA_QUIACA_OBS,05/AGO/2022,03Hs,-2.1,73,2,0.0,-38.72 -62.17
LA_QUIACA_OBS,05/AGO/2022,06Hs,-3.1,200,5,0.0,-38.72 -62.17
LA_QUIACA_OBS,05/AGO/2022,09Hs,1.9,178,5,0.0,-38.72 -62.17
LA_QUIACA_OBS,05/AGO/2022,12Hs,9.5,337,4,0.0,-38.72 -62.17
LA_QUIACA_OBS,05/AGO/2022,15Hs,16.9,331,19,0.0,-38.72 -62.17
LA_QUIACA_OBS,05/AGO/2022,18Hs,14.4,289,30,0.0,-38.72 -62.17
LA_QUIACA_OBS,05/AGO/2022,21Hs,7.3,335,11,0.0,-38.72 -62.17
LA_QUIACA_OBS,06/AGO/2022,00Hs,3.0,149,2,0.0,-38.72 -62.17
LA_QUIACA_OBS,06/AGO/2022,03Hs,1.8,2,7,0.0,-38.72 -62.17
LA_QUIACA_OBS,06/AGO/2022,06Hs,-0.9,13,5,0.0,-38.72 -62.17
LA_QUIACA_OBS,06/AGO/2022,09Hs,2.5,335,1,0.0,-38.72 -62.17
LA_QUIACA_OBS,06/AGO/2022,12Hs,9.8,269,36,0.0,-38.72 -62.17
LA_QUIACA_OBS,06/AGO/2022,15Hs,13.9,274,46,0.0,-38.72 -62.17
LA_QUIACA_OBS,06/AGO/2022,18Hs,12.6,270,33,0.0,-38.72 -62.17
LA_QUIACA_OBS,06/AGO/2022,21Hs,4.8,226,17,0.0,-38.72 -62.17
LA_QUIACA_OBS,07/AGO/2022,00Hs,1.7,213,13,0.0,-38.72 -62.17
LA_QUIACA_OBS,07/AGO/2022,03Hs,-0.8,196,7,0.0,-38.72 -62.17
LA_QUIACA_OBS,07/AGO/2022,06Hs,-3.7,347,5,0.0,-38.72 -62.17
LA_QUIACA_OBS,07/AGO/2022,09Hs,0.7,10,3,0.0,-38.72 -62.17
LA_QUIACA_OBS,07/AGO/2022,12Hs,7.5,345,8,0.0,-38.72 -62.17
LA_QUIACA_OBS,07/AGO/2022,15Hs,14.5,282,32,0.0,-38.72 -62.17
LA_QUIACA_OBS,07/AGO/2022,18Hs,12.3,295,27,0.0,-38.72 -62.17
LA_QUIACA_OBS,07/AGO/2022,21Hs,4.2,235,16,0.0,-38.72 -62.17
LA_QUIACA_OBS,08/AGO/2022,00Hs,0.6,199,10,0.0,-38.72 -62.17
LA_QUIACA_OBS,08/AGO/2022,03Hs,-2.3,170,6,0.0,-38.72 -62.17
LA_QUIACA_OBS,08/AGO/2022,06Hs,-4.4,330,2,0.0,-38.72 -62.17
LA_QUIACA_OBS,08/AGO/2022,09Hs,1.3,343,1,0.0,-38.72 -62.17
LA_QUIACA_OBS,08/AGO/2022,12Hs,7.8,351,10,0.0,-38.72 -62.17
LA_QUIACA_OBS,08/AGO/2022,15Hs,13.7,306,39,0.0,-38.72 -62.17
LA_QUIACA_OBS,08/AGO/2022,18Hs,12.4,312,27,0.0,-38.72 -62.17
LA_QUIACA_OBS,08/AGO/2022,21Hs,2.0,272,9,0.0,-38.72 -62.17
LA_QUIACA_OBS,09/AGO/2022,00Hs,-0.4,179,11,0.0,-38.72 -62.17
LA_QUIACA_OBS,09/AGO/2022,03Hs,-4.2,178,3,0.0,-38.72 -62.17
LA_QUIACA_OBS,09/AGO/2022,06Hs,-6.0,72,5,0.0,-38.72 -62.17
LA_QUIACA_OBS,09/AGO/2022,09Hs,-1.7,9,1,0.0,-38.72 -62.17
LA_QUIACA_OBS,09/AGO/2022,12Hs,6.9,294,5,0.0,-38.72 -62.17
LA_QUIACA_OBS,09/AGO/2022,15Hs,13.4,238,21,0.0,-38.72 -62.17
LA_QUIACA_OBS,09/AGO/2022,18Hs,12.0,193,36,0.0,-38.72 -62.17
LA_QUIACA_OBS,09/AGO/2022,21Hs,2.7,191,18,0.0,-38.72 -62.17
LA_RIOJA_AERO,05/AGO/2022,00Hs,11.8,58,9,0.0,-38.72 -62.17
LA_RIOJA_AERO,05/AGO/2022,03Hs,11.0,29,13,0.0,-38.72 -62.17
LA_RIOJA_AERO,05/AGO/2022,06Hs,8.4,96,6,0.0,-38.72 -62.17
LA_RIOJA_AERO,05/AGO/2022,09Hs,10.1,223,10,0.0,-38.72 -62.17
LA_RIOJA_AERO,05/AGO/2022,12Hs,15.6,109,5,0.0,-38.72 -62.17
LA_RIOJA_AERO,05/AGO/2022,15Hs,21.0,52,10,0.0,-38.72 -62.17
LA_RIOJA_AERO,05/AGO/2022,18Hs,21.4,65,3,0.0,-38.72 -62.17
LA_RIOJA_AERO,05/AGO/2022,21Hs,15.3,52,16,0.0,-38.72 -62.17
LA_RIOJA_AERO,06/AGO/2022,00Hs,12.2,109,9,0.0,-38.72 -62.17
LA_RIOJA_AERO,06/AGO/2022,03Hs,9.9,161,10,0.0,-38.72 -62.17
LA_RIOJA_AERO,06/AGO/2022,06Hs,7.9,209,15,0.0,-38.72 -62.17
LA_RIOJA_AERO,06/AGO/2022,09Hs,8.0,202,17,0.0,-38.72 -62.17
LA_RIOJA_AERO,06/AGO/2022,12Hs,15.1,185,20,0.0,-38.72 -62.17
LA_RIOJA_AERO,06/AGO/2022,15Hs,19.1,162,12,0.0,-38.72 -62.17
LA_RIOJA_AERO,06/AGO/2022,18Hs,19.4,145,9,0.0,-38.72 -62.17
LA_RIOJA_AERO,06/AGO/2022,21Hs,13.1,142,10,0.0,-38.72 -62.17
LA_RIOJA_AERO,07/AGO/2022,00Hs,10.4,121,10,0.0,-38.72 -62.17
LA_RIOJA_AERO,07/AGO/2022,03Hs,8.4,185,17,0.0,-38.72 -62.17
LA_RIOJA_AERO,07/AGO/2022,06Hs,7.5,201,14,0.0,-38.72 -62.17
LA_RIOJA_AERO,07/AGO/2022,09Hs,9.5,203,23,0.0,-38.72 -62.17
LA_RIOJA_AERO,07/AGO/2022,12Hs,12.8,198,25,0.0,-38.72 -62.17
LA_RIOJA_AERO,07/AGO/2022,15Hs,16.4,175,7,0.0,-38.72 -62.17
LA_RIOJA_AERO,07/AGO/2022,18Hs,15.6,135,23,0.0,-38.72 -62.17
LA_RIOJA_AERO,07/AGO/2022,21Hs,9.8,210,32,0.0,-38.72 -62.17
LA_RIOJA_AERO,08/AGO/2022,00Hs,9.1,205,31,0.0,-38.72 -62.17
LA_RIOJA_AERO,08/AGO/2022,03Hs,8.3,207,27,0.0,-38.72 -62.17
LA_RIOJA_AERO,08/AGO/2022,06Hs,7.2,198,32,0.1,-38.72 -62.17
LA_RIOJA_AERO,08/AGO/2022,09Hs,7.6,195,29,0.1,-38.72 -62.17
LA_RIOJA_AERO,08/AGO/2022,12Hs,10.7,205,26,0.0,-38.72 -62.17
LA_RIOJA_AERO,08/AGO/2022,15Hs,13.1,192,17,0.0,-38.72 -62.17
LA_RIOJA_AERO,08/AGO/2022,18Hs,13.7,170,29,0.0,-38.72 -62.17
LA_RIOJA_AERO,08/AGO/2022,21Hs,7.1,218,26,0.0,-38.72 -62.17
LA_RIOJA_AERO,09/AGO/2022,00Hs,6.0,233,18,0.0,-38.72 -62.17
LA_RIOJA_AERO,09/AGO/2022,03Hs,5.0,239,17,0.0,-38.72 -62.17
LA_RIOJA_AERO,09/AGO/2022,06Hs,4.2,241,13,0.0,-38.72 -62.17
LA_RIOJA_AERO,09/AGO/2022,09Hs,5.9,246,7,0.0,-38.72 -62.17
LA_RIOJA_AERO,09/AGO/2022,12Hs,12.1,48,5,0.0,-38.72 -62.17
LA_RIOJA_AERO,09/AGO/2022,15Hs,16.0,58,16,0.0,-38.72 -62.17
LA_RIOJA_AERO,09/AGO/2022,18Hs,15.8,59,16,0.0,-38.72 -62.17
LA_RIOJA_AERO,09/AGO/2022,21Hs,10.4,57,13,0.0,-38.72 -62.17
MALARGUE_AERO,05/AGO/2022,00Hs,3.9,273,7,0.0,-35.48 -69.58
MALARGUE_AERO,05/AGO/2022,03Hs,2.6,190,6,0.0,-35.48 -69.58
MALARGUE_AERO,05/AGO/2022,06Hs,1.3,265,2,0.0,-35.48 -69.58
MALARGUE_AERO,05/AGO/2022,09Hs,1.7,301,8,0.0,-35.48 -69.58
MALARGUE_AERO,05/AGO/2022,12Hs,6.1,6,9,0.0,-35.48 -69.58
MALARGUE_AERO,05/AGO/2022,15Hs,9.3,356,11,0.0,-35.48 -69.58
MALARGUE_AERO,05/AGO/2022,18Hs,9.6,343,7,0.0,-35.48 -69.58
MALARGUE_AERO,05/AGO/2022,21Hs,7.7,21,12,0.0,-35.48 -69.58
MALARGUE_AERO,06/AGO/2022,00Hs,6.2,340,8,0.2,-35.48 -69.58
MALARGUE_AERO,06/AGO/2022,03Hs,4.2,154,7,0.2,-35.48 -69.58
MALARGUE_AERO,06/AGO/2022,06Hs,2.8,210,6,0.2,-35.48 -69.58
MALARGUE_AERO,06/AGO/2022,09Hs,1.7,167,10,0.0,-35.48 -69.58
MALARGUE_AERO,06/AGO/2022,12Hs,0.5,149,11,0.4,-35.48 -69.58
MALARGUE_AERO,06/AGO/2022,15Hs,0.3,143,11,0.8,-35.48 -69.58
MALARGUE_AERO,06/AGO/2022,18Hs,0.0,159,13,0.1,-35.48 -69.58
MALARGUE_AERO,06/AGO/2022,21Hs,-0.7,174,16,0.2,-35.48 -69.58
MALARGUE_AERO,07/AGO/2022,00Hs,-1.7,167,13,1.1,-35.48 -69.58
MALARGUE_AERO,07/AGO/2022,03Hs,-1.8,205,6,2.9,-35.48 -69.58
MALARGUE_AERO,07/AGO/2022,06Hs,-2.4,162,11,3.3,-35.48 -69.58
MALARGUE_AERO,07/AGO/2022,09Hs,-2.5,165,12,2.1,-35.48 -69.58
MALARGUE_AERO,07/AGO/2022,12Hs,-1.5,153,14,0.7,-35.48 -69.58
MALARGUE_AERO,07/AGO/2022,15Hs,-1.0,156,15,0.8,-35.48 -69.58
MALARGUE_AERO,07/AGO/2022,18Hs,-1.5,151,18,1.4,-35.48 -69.58
MALARGUE_AERO,07/AGO/2022,21Hs,-2.1,155,16,0.8,-35.48 -69.58
MALARGUE_AERO,08/AGO/2022,00Hs,-2.3,173,10,0.8,-35.48 -69.58
MALARGUE_AERO,08/AGO/2022,03Hs,-3.1,190,9,0.3,-35.48 -69.58
MALARGUE_AERO,08/AGO/2022,06Hs,-4.1,182,8,0.1,-35.48 -69.58
MALARGUE_AERO,08/AGO/2022,09Hs,-5.6,209,8,0.0,-35.48 -69.58
MALARGUE_AERO,08/AGO/2022,12Hs,-1.1,16,0,0.0,-35.48 -69.58
MALARGUE_AERO,08/AGO/2022,15Hs,-0.4,359,7,0.0,-35.48 -69.58
MALARGUE_AERO,08/AGO/2022,18Hs,0.1,344,10,0.0,-35.48 -69.58
MALARGUE_AERO,08/AGO/2022,21Hs,-0.1,333,13,0.0,-35.48 -69.58
MALARGUE_AERO,09/AGO/2022,00Hs,-0.8,9,12,0.0,-35.48 -69.58
MALARGUE_AERO,09/AGO/2022,03Hs,-1.0,332,15,0.0,-35.48 -69.58
MALARGUE_AERO,09/AGO/2022,06Hs,-2.2,322,9,0.0,-35.48 -69.58
MALARGUE_AERO,09/AGO/2022,09Hs,-2.4,337,10,0.0,-35.48 -69.58
MALARGUE_AERO,09/AGO/2022,12Hs,-1.2,351,10,0.0,-35.48 -69.58
MALARGUE_AERO,09/AGO/2022,15Hs,1.6,340,11,0.0,-35.48 -69.58
MALARGUE_AERO,09/AGO/2022,18Hs,2.8,347,12,0.0,-35.48 -69.58
MALARGUE_AERO,09/AGO/2022,21Hs,1.2,324,7,0.0,-35.48 -69.58
MAQUINCHAO,05/AGO/2022,00Hs,-1.3,231,18,0.0,-41.25 -68.7
MAQUINCHAO,05/AGO/2022,03Hs,-1.6,230,14,0.0,-41.25 -68.7
MAQUINCHAO,05/AGO/2022,06Hs,-1.8,224,12,0.0,-41.25 -68.7
MAQUINCHAO,05/AGO/2022,09Hs,-1.6,221,10,0.0,-41.25 -68.7
MAQUINCHAO,05/AGO/2022,12Hs,1.2,202,11,0.0,-41.25 -68.7
MAQUINCHAO,05/AGO/2022,15Hs,3.2,186,7,0.0,-41.25 -68.7
MAQUINCHAO,05/AGO/2022,18Hs,3.3,120,5,0.0,-41.25 -68.7
MAQUINCHAO,05/AGO/2022,21Hs,1.2,117,13,0.0,-41.25 -68.7
MAQUINCHAO,06/AGO/2022,00Hs,-1.2,114,20,0.0,-41.25 -68.7
MAQUINCHAO,06/AGO/2022,03Hs,-1.6,100,13,0.0,-41.25 -68.7
MAQUINCHAO,06/AGO/2022,06Hs,-1.8,128,9,0.0,-41.25 -68.7
MAQUINCHAO,06/AGO/2022,09Hs,-1.6,122,17,0.0,-41.25 -68.7
MAQUINCHAO,06/AGO/2022,12Hs,-0.3,93,19,0.0,-41.25 -68.7
MAQUINCHAO,06/AGO/2022,15Hs,0.2,38,12,0.0,-41.25 -68.7
MAQUINCHAO,06/AGO/2022,18Hs,-1.0,85,13,0.2,-41.25 -68.7
MAQUINCHAO,06/AGO/2022,21Hs,-1.5,76,16,1.1,-41.25 -68.7
MAQUINCHAO,07/AGO/2022,00Hs,-1.6,83,15,1.0,-41.25 -68.7
MAQUINCHAO,07/AGO/2022,03Hs,-1.5,82,15,1.1,-41.25 -68.7
MAQUINCHAO,07/AGO/2022,06Hs,-1.7,80,28,1.8,-41.25 -68.7
MAQUINCHAO,07/AGO/2022,09Hs,-2.2,78,23,1.6,-41.25 -68.7
MAQUINCHAO,07/AGO/2022,12Hs,-1.5,75,15,1.2,-41.25 -68.7
MAQUINCHAO,07/AGO/2022,15Hs,-1.0,59,16,1.3,-41.25 -68.7
MAQUINCHAO,07/AGO/2022,18Hs,-1.0,70,15,0.7,-41.25 -68.7
MAQUINCHAO,07/AGO/2022,21Hs,-1.1,62,15,0.5,-41.25 -68.7
MAQUINCHAO,08/AGO/2022,00Hs,-1.0,53,11,0.9,-41.25 -68.7
MAQUINCHAO,08/AGO/2022,03Hs,-1.0,55,10,0.6,-41.25 -68.7
MAQUINCHAO,08/AGO/2022,06Hs,-1.0,44,10,0.7,-41.25 -68.7
MAQUINCHAO,08/AGO/2022,09Hs,-1.1,33,14,0.5,-41.25 -68.7
MAQUINCHAO,08/AGO/2022,12Hs,-1.1,33,12,0.5,-41.25 -68.7
MAQUINCHAO,08/AGO/2022,15Hs,-0.6,11,11,0.2,-41.25 -68.7
MAQUINCHAO,08/AGO/2022,18Hs,-0.7,5,10,0.1,-41.25 -68.7
MAQUINCHAO,08/AGO/2022,21Hs,-0.7,349,15,0.0,-41.25 -68.7
MAQUINCHAO,09/AGO/2022,00Hs,-0.4,340,13,0.0,-41.25 -68.7
MAQUINCHAO,09/AGO/2022,03Hs,-0.3,343,12,0.0,-41.25 -68.7
MAQUINCHAO,09/AGO/2022,06Hs,-0.2,334,15,0.0,-41.25 -68.7
MAQUINCHAO,09/AGO/2022,09Hs,-0.4,330,17,0.0,-41.25 -68.7
MAQUINCHAO,09/AGO/2022,12Hs,0.5,342,16,0.0,-41.25 -68.7
MAQUINCHAO,09/AGO/2022,15Hs,1.5,337,15,0.0,-41.25 -68.7
MAQUINCHAO,09/AGO/2022,18Hs,0.8,347,9,0.0,-41.25 -68.7
MAQUINCHAO,09/AGO/2022,21Hs,-0.6,234,2,0.0,-41.25 -68.7
MARCOS_JUAREZ_AERO,05/AGO/2022,00Hs,9.1,87,9,0.0,-32.68 -62.15
MARCOS_JUAREZ_AERO,05/AGO/2022,03Hs,7.8,42,8,0.0,-32.68 -62.15
MARCOS_JUAREZ_AERO,05/AGO/2022,06Hs,6.7,358,8,0.0,-32.68 -62.15
MARCOS_JUAREZ_AERO,05/AGO/2022,09Hs,8.1,33,9,0.0,-32.68 -62.15
MARCOS_JUAREZ_AERO,05/AGO/2022,12Hs,16.2,20,13,0.0,-32.68 -62.15
MARCOS_JUAREZ_AERO,05/AGO/2022,15Hs,19.1,28,17,0.0,-32.68 -62.15
MARCOS_JUAREZ_AERO,05/AGO/2022,18Hs,16.2,46,15,0.0,-32.68 -62.15
MARCOS_JUAREZ_AERO,05/AGO/2022,21Hs,10.5,38,14,0.0,-32.68 -62.15
MARCOS_JUAREZ_AERO,06/AGO/2022,00Hs,8.0,31,13,0.0,-32.68 -62.15
MARCOS_JUAREZ_AERO,06/AGO/2022,03Hs,6.6,37,12,0.0,-32.68 -62.15
MARCOS_JUAREZ_AERO,06/AGO/2022,06Hs,5.2,52,12,0.0,-32.68 -62.15
MARCOS_JUAREZ_AERO,06/AGO/2022,09Hs,6.2,56,9,0.0,-32.68 -62.15
MARCOS_JUAREZ_AERO,06/AGO/2022,12Hs,13.6,53,14,0.0,-32.68 -62.15
MARCOS_JUAREZ_AERO,06/AGO/2022,15Hs,17.1,70,13,0.0,-32.68 -62.15
MARCOS_JUAREZ_AERO,06/AGO/2022,18Hs,15.4,81,15,0.0,-32.68 -62.15
MARCOS_JUAREZ_AERO,06/AGO/2022,21Hs,12.4,100,8,0.0,-32.68 -62.15
MARCOS_JUAREZ_AERO,07/AGO/2022,00Hs,9.4,71,10,0.0,-32.68 -62.15
MARCOS_JUAREZ_AERO,07/AGO/2022,03Hs,8.3,85,9,0.0,-32.68 -62.15
MARCOS_JUAREZ_AERO,07/AGO/2022,06Hs,6.1,120,14,0.0,-32.68 -62.15
MARCOS_JUAREZ_AERO,07/AGO/2022,09Hs,6.9,117,13,0.0,-32.68 -62.15
MARCOS_JUAREZ_AERO,07/AGO/2022,12Hs,12.8,105,16,0.0,-32.68 -62.15
MARCOS_JUAREZ_AERO,07/AGO/2022,15Hs,15.3,102,19,0.0,-32.68 -62.15
MARCOS_JUAREZ_AERO,07/AGO/2022,18Hs,13.9,97,15,0.0,-32.68 -62.15
MARCOS_JUAREZ_AERO,07/AGO/2022,21Hs,9.8,87,17,0.0,-32.68 -62.15
MARCOS_JUAREZ_AERO,08/AGO/2022,00Hs,10.7,92,16,0.0,-32.68 -62.15
MARCOS_JUAREZ_AERO,08/AGO/2022,03Hs,9.5,128,13,0.1,-32.68 -62.15
MARCOS_JUAREZ_AERO,08/AGO/2022,06Hs,8.6,120,16,0.1,-32.68 -62.15
MARCOS_JUAREZ_AERO,08/AGO/2022,09Hs,7.9,128,14,0.6,-32.68 -62.15
MARCOS_JUAREZ_AERO,08/AGO/2022,12Hs,7.7,142,15,7.1,-32.68 -62.15
MARCOS_JUAREZ_AERO,08/AGO/2022,15Hs,7.3,147,15,3.6,-32.68 -62.15
MARCOS_JUAREZ_AERO,08/AGO/2022,18Hs,7.4,168,13,3.4,-32.68 -62.15
MARCOS_JUAREZ_AERO,08/AGO/2022,21Hs,7.7,177,11,4.2,-32.68 -62.15
MARCOS_JUAREZ_AERO,09/AGO/2022,00Hs,7.7,202,13,3.9,-32.68 -62.15
MARCOS_JUAREZ_AERO,09/AGO/2022,03Hs,8.0,191,15,1.8,-32.68 -62.15
MARCOS_JUAREZ_AERO,09/AGO/2022,06Hs,7.6,178,15,0.8,-32.68 -62.15
MARCOS_JUAREZ_AERO,09/AGO/2022,09Hs,7.7,179,15,0.2,-32.68 -62.15
MARCOS_JUAREZ_AERO,09/AGO/2022,12Hs,9.6,142,14,0.0,-32.68 -62.15
MARCOS_JUAREZ_AERO,09/AGO/2022,15Hs,12.5,127,15,0.2,-32.68 -62.15
MARCOS_JUAREZ_AERO,09/AGO/2022,18Hs,10.2,94,7,0.0,-32.68 -62.15
MARCOS_JUAREZ_AERO,09/AGO/2022,21Hs,7.3,5,3,0.0,-32.68 -62.15
MARIANO_MORENO_AERO,05/AGO/2022,00Hs,5.7,265,4,0.0,-34.55 -58.78
MARIANO_MORENO_AERO,05/AGO/2022,03Hs,5.1,262,5,0.0,-34.55 -58.78
MARIANO_MORENO_AERO,05/AGO/2022,06Hs,4.3,270,6,0.0,-34.55 -58.78
MARIANO_MORENO_AERO,05/AGO/2022,09Hs,6.8,228,4,0.0,-34.55 -58.78
MARIANO_MORENO_AERO,05/AGO/2022,12Hs,14.3,195,4,0.0,-34.55 -58.78
MARIANO_MORENO_AERO,05/AGO/2022,15Hs,14.8,134,7,0.0,-34.55 -58.78
MARIANO_MORENO_AERO,05/AGO/2022,18Hs,9.6,87,7,0.0,-34.55 -58.78
MARIANO_MORENO_AERO,05/AGO/2022,21Hs,8.3,66,6,0.0,-34.55 -58.78
MARIANO_MORENO_AERO,06/AGO/2022,00Hs,7.5,75,8,0.0,-34.55 -58.78
MARIANO_MORENO_AERO,06/AGO/2022,03Hs,6.2,47,7,0.0,-34.55 -58.78
MARIANO_MORENO_AERO,06/AGO/2022,06Hs,4.5,21,6,0.0,-34.55 -58.78
MARIANO_MORENO_AERO,06/AGO/2022,09Hs,7.0,47,6,0.0,-34.55 -58.78
MARIANO_MORENO_AERO,06/AGO/2022,12Hs,12.6,97,9,0.0,-34.55 -58.78
MARIANO_MORENO_AERO,06/AGO/2022,15Hs,12.6,129,13,0.0,-34.55 -58.78
MARIANO_MORENO_AERO,06/AGO/2022,18Hs,10.1,118,17,0.0,-34.55 -58.78
MARIANO_MORENO_AERO,06/AGO/2022,21Hs,10.2,106,18,0.0,-34.55 -58.78
MARIANO_MORENO_AERO,07/AGO/2022,00Hs,9.3,98,17,0.0,-34.55 -58.78
MARIANO_MORENO_AERO,07/AGO/2022,03Hs,8.2,97,15,0.0,-34.55 -58.78
MARIANO_MORENO_AERO,07/AGO/2022,06Hs,7.9,97,15,0.0,-34.55 -58.78
MARIANO_MORENO_AERO,07/AGO/2022,09Hs,9.3,100,17,0.0,-34.55 -58.78
MARIANO_MORENO_AERO,07/AGO/2022,12Hs,12.6,111,19,0.0,-34.55 -58.78
MARIANO_MORENO_AERO,07/AGO/2022,15Hs,12.0,122,20,0.0,-34.55 -58.78
MARIANO_MORENO_AERO,07/AGO/2022,18Hs,9.7,122,20,0.0,-34.55 -58.78
MARIANO_MORENO_AERO,07/AGO/2022,21Hs,9.3,117,20,0.0,-34.55 -58.78
MARIANO_MORENO_AERO,08/AGO/2022,00Hs,8.8,102,16,0.0,-34.55 -58.78
MARIANO_MORENO_AERO,08/AGO/2022,03Hs,8.2,97,15,0.0,-34.55 -58.78
MARIANO_MORENO_AERO,08/AGO/2022,06Hs,8.0,96,14,0.0,-34.55 -58.78
MARIANO_MORENO_AERO,08/AGO/2022,09Hs,9.3,100,16,0.0,-34.55 -58.78
MARIANO_MORENO_AERO,08/AGO/2022,12Hs,12.3,108,17,0.0,-34.55 -58.78
MARIANO_MORENO_AERO,08/AGO/2022,15Hs,12.8,130,18,0.0,-34.55 -58.78
MARIANO_MORENO_AERO,08/AGO/2022,18Hs,11.2,127,19,0.0,-34.55 -58.78
MARIANO_MORENO_AERO,08/AGO/2022,21Hs,11.1,115,20,0.0,-34.55 -58.78
MARIANO_MORENO_AERO,09/AGO/2022,00Hs,10.9,105,13,0.0,-34.55 -58.78
MARIANO_MORENO_AERO,09/AGO/2022,03Hs,10.2,105,11,0.0,-34.55 -58.78
MARIANO_MORENO_AERO,09/AGO/2022,06Hs,9.6,105,9,0.0,-34.55 -58.78
MARIANO_MORENO_AERO,09/AGO/2022,09Hs,10.4,106,13,0.1,-34.55 -58.78
MARIANO_MORENO_AERO,09/AGO/2022,12Hs,13.1,116,16,0.0,-34.55 -58.78
MARIANO_MORENO_AERO,09/AGO/2022,15Hs,13.1,132,18,0.0,-34.55 -58.78
MARIANO_MORENO_AERO,09/AGO/2022,18Hs,10.8,129,17,0.0,-34.55 -58.78
MARIANO_MORENO_AERO,09/AGO/2022,21Hs,10.1,118,16,0.0,-34.55 -58.78
MAR_DEL_PLATA_AERO,05/AGO/2022,00Hs,3.5,291,8,0.0,-64.23 -56.63
MAR_DEL_PLATA_AERO,05/AGO/2022,03Hs,2.6,233,10,0.0,-64.23 -56.63
MAR_DEL_PLATA_AERO,05/AGO/2022,06Hs,2.3,233,11,0.0,-64.23 -56.63
MAR_DEL_PLATA_AERO,05/AGO/2022,09Hs,3.6,239,9,0.0,-64.23 -56.63
MAR_DEL_PLATA_AERO,05/AGO/2022,12Hs,10.5,217,12,0.0,-64.23 -56.63
MAR_DEL_PLATA_AERO,05/AGO/2022,15Hs,12.4,236,10,0.0,-64.23 -56.63
MAR_DEL_PLATA_AERO,05/AGO/2022,18Hs,8.2,120,4,0.0,-64.23 -56.63
MAR_DEL_PLATA_AERO,05/AGO/2022,21Hs,4.7,45,11,0.0,-64.23 -56.63
MAR_DEL_PLATA_AERO,06/AGO/2022,00Hs,4.3,300,5,0.0,-64.23 -56.63
MAR_DEL_PLATA_AERO,06/AGO/2022,03Hs,3.7,204,5,0.0,-64.23 -56.63
MAR_DEL_PLATA_AERO,06/AGO/2022,06Hs,3.6,193,11,0.0,-64.23 -56.63
MAR_DEL_PLATA_AERO,06/AGO/2022,09Hs,5.9,192,7,0.0,-64.23 -56.63
MAR_DEL_PLATA_AERO,06/AGO/2022,12Hs,9.2,176,9,0.0,-64.23 -56.63
MAR_DEL_PLATA_AERO,06/AGO/2022,15Hs,11.0,186,11,0.0,-64.23 -56.63
MAR_DEL_PLATA_AERO,06/AGO/2022,18Hs,8.5,117,13,0.0,-64.23 -56.63
MAR_DEL_PLATA_AERO,06/AGO/2022,21Hs,6.8,149,9,0.0,-64.23 -56.63
MAR_DEL_PLATA_AERO,07/AGO/2022,00Hs,4.6,168,10,0.0,-64.23 -56.63
MAR_DEL_PLATA_AERO,07/AGO/2022,03Hs,4.2,179,9,0.0,-64.23 -56.63
MAR_DEL_PLATA_AERO,07/AGO/2022,06Hs,4.4,172,9,0.0,-64.23 -56.63
MAR_DEL_PLATA_AERO,07/AGO/2022,09Hs,5.2,168,12,0.0,-64.23 -56.63
MAR_DEL_PLATA_AERO,07/AGO/2022,12Hs,8.4,134,16,0.0,-64.23 -56.63
MAR_DEL_PLATA_AERO,07/AGO/2022,15Hs,8.8,125,15,0.0,-64.23 -56.63
MAR_DEL_PLATA_AERO,07/AGO/2022,18Hs,5.8,132,14,0.0,-64.23 -56.63
MAR_DEL_PLATA_AERO,07/AGO/2022,21Hs,4.2,129,11,0.0,-64.23 -56.63
MAR_DEL_PLATA_AERO,08/AGO/2022,00Hs,3.4,119,8,0.0,-64.23 -56.63
MAR_DEL_PLATA_AERO,08/AGO/2022,03Hs,3.1,129,9,0.0,-64.23 -56.63
MAR_DEL_PLATA_AERO,08/AGO/2022,06Hs,2.7,142,8,0.0,-64.23 -56.63
MAR_DEL_PLATA_AERO,08/AGO/2022,09Hs,4.9,145,8,0.0,-64.23 -56.63
MAR_DEL_PLATA_AERO,08/AGO/2022,12Hs,11.0,92,17,0.0,-64.23 -56.63
MAR_DEL_PLATA_AERO,08/AGO/2022,15Hs,11.1,105,21,0.0,-64.23 -56.63
MAR_DEL_PLATA_AERO,08/AGO/2022,18Hs,6.8,112,16,0.0,-64.23 -56.63
MAR_DEL_PLATA_AERO,08/AGO/2022,21Hs,4.2,120,11,0.0,-64.23 -56.63
MAR_DEL_PLATA_AERO,09/AGO/2022,00Hs,3.8,118,10,0.0,-64.23 -56.63
MAR_DEL_PLATA_AERO,09/AGO/2022,03Hs,3.3,116,8,0.0,-64.23 -56.63
MAR_DEL_PLATA_AERO,09/AGO/2022,06Hs,3.1,143,7,0.0,-64.23 -56.63
MAR_DEL_PLATA_AERO,09/AGO/2022,09Hs,5.3,134,6,0.0,-64.23 -56.63
MAR_DEL_PLATA_AERO,09/AGO/2022,12Hs,11.1,59,10,0.0,-64.23 -56.63
MAR_DEL_PLATA_AERO,09/AGO/2022,15Hs,12.3,41,11,0.0,-64.23 -56.63
MAR_DEL_PLATA_AERO,09/AGO/2022,18Hs,9.4,63,11,0.0,-64.23 -56.63
MAR_DEL_PLATA_AERO,09/AGO/2022,21Hs,6.6,47,13,0.0,-64.23 -56.63
MENDOZA_AERO,05/AGO/2022,00Hs,9.4,358,4,0.0,-32.85 -68.8
MENDOZA_AERO,05/AGO/2022,03Hs,9.1,132,10,0.0,-32.85 -68.8
MENDOZA_AERO,05/AGO/2022,06Hs,8.0,155,10,0.0,-32.85 -68.8
MENDOZA_AERO,05/AGO/2022,09Hs,7.5,134,13,0.0,-32.85 -68.8
MENDOZA_AERO,05/AGO/2022,12Hs,12.2,113,11,0.0,-32.85 -68.8
MENDOZA_AERO,05/AGO/2022,15Hs,15.5,94,9,0.0,-32.85 -68.8
MENDOZA_AERO,05/AGO/2022,18Hs,16.4,18,5,0.0,-32.85 -68.8
MENDOZA_AERO,05/AGO/2022,21Hs,12.4,275,5,0.0,-32.85 -68.8
MENDOZA_AERO,06/AGO/2022,00Hs,10.9,143,15,0.0,-32.85 -68.8
MENDOZA_AERO,06/AGO/2022,03Hs,9.5,165,17,0.0,-32.85 -68.8
MENDOZA_AERO,06/AGO/2022,06Hs,7.5,162,31,0.0,-32.85 -68.8
MENDOZA_AERO,06/AGO/2022,09Hs,6.2,165,30,0.0,-32.85 -68.8
MENDOZA_AERO,06/AGO/2022,12Hs,8.0,154,27,0.0,-32.85 -68.8
MENDOZA_AERO,06/AGO/2022,15Hs,9.9,152,27,0.0,-32.85 -68.8
MENDOZA_AERO,06/AGO/2022,18Hs,8.2,151,30,0.0,-32.85 -68.8
MENDOZA_AERO,06/AGO/2022,21Hs,4.6,156,31,0.0,-32.85 -68.8
MENDOZA_AERO,07/AGO/2022,00Hs,4.5,173,24,0.0,-32.85 -68.8
MENDOZA_AERO,07/AGO/2022,03Hs,4.1,185,20,0.8,-32.85 -68.8
MENDOZA_AERO,07/AGO/2022,06Hs,3.5,173,22,1.2,-32.85 -68.8
MENDOZA_AERO,07/AGO/2022,09Hs,2.6,179,19,0.2,-32.85 -68.8
MENDOZA_AERO,07/AGO/2022,12Hs,2.8,186,17,0.5,-32.85 -68.8
MENDOZA_AERO,07/AGO/2022,15Hs,2.8,169,21,0.0,-32.85 -68.8
MENDOZA_AERO,07/AGO/2022,18Hs,3.0,172,24,0.0,-32.85 -68.8
MENDOZA_AERO,07/AGO/2022,21Hs,2.2,179,28,0.0,-32.85 -68.8
MENDOZA_AERO,08/AGO/2022,00Hs,2.2,178,24,0.2,-32.85 -68.8
MENDOZA_AERO,08/AGO/2022,03Hs,2.3,178,24,0.2,-32.85 -68.8
MENDOZA_AERO,08/AGO/2022,06Hs,2.7,180,21,0.0,-32.85 -68.8
MENDOZA_AERO,08/AGO/2022,09Hs,2.9,183,22,0.0,-32.85 -68.8
MENDOZA_AERO,08/AGO/2022,12Hs,3.4,178,19,0.2,-32.85 -68.8
MENDOZA_AERO,08/AGO/2022,15Hs,5.4,168,26,0.1,-32.85 -68.8
MENDOZA_AERO,08/AGO/2022,18Hs,4.5,153,24,0.0,-32.85 -68.8
MENDOZA_AERO,08/AGO/2022,21Hs,3.9,146,21,0.0,-32.85 -68.8
MENDOZA_AERO,09/AGO/2022,00Hs,4.3,140,12,0.0,-32.85 -68.8
MENDOZA_AERO,09/AGO/2022,03Hs,3.6,170,6,0.0,-32.85 -68.8
MENDOZA_AERO,09/AGO/2022,06Hs,3.3,60,7,0.0,-32.85 -68.8
MENDOZA_AERO,09/AGO/2022,09Hs,3.2,356,8,0.0,-32.85 -68.8
MENDOZA_AERO,09/AGO/2022,12Hs,6.9,357,15,0.0,-32.85 -68.8
MENDOZA_AERO,09/AGO/2022,15Hs,10.2,8,19,0.0,-32.85 -68.8
MENDOZA_AERO,09/AGO/2022,18Hs,11.6,11,25,0.0,-32.85 -68.8
MENDOZA_AERO,09/AGO/2022,21Hs,8.6,32,14,0.0,-32.85 -68.8
MENDOZA_OBSERVATORIO,05/AGO/2022,00Hs,9.4,352,8,0.0,-32.85 -68.8
MENDOZA_OBSERVATORIO,05/AGO/2022,03Hs,7.7,85,2,0.0,-32.85 -68.8
MENDOZA_OBSERVATORIO,05/AGO/2022,06Hs,6.1,154,1,0.0,-32.85 -68.8
MENDOZA_OBSERVATORIO,05/AGO/2022,09Hs,6.7,163,7,0.0,-32.85 -68.8
MENDOZA_OBSERVATORIO,05/AGO/2022,12Hs,11.5,145,7,0.0,-32.85 -68.8
MENDOZA_OBSERVATORIO,05/AGO/2022,15Hs,14.6,115,10,0.0,-32.85 -68.8
MENDOZA_OBSERVATORIO,05/AGO/2022,18Hs,15.0,102,5,0.0,-32.85 -68.8
MENDOZA_OBSERVATORIO,05/AGO/2022,21Hs,11.3,234,3,0.0,-32.85 -68.8
MENDOZA_OBSERVATORIO,06/AGO/2022,00Hs,10.3,197,13,0.0,-32.85 -68.8
MENDOZA_OBSERVATORIO,06/AGO/2022,03Hs,8.0,203,10,0.0,-32.85 -68.8
MENDOZA_OBSERVATORIO,06/AGO/2022,06Hs,5.5,192,12,0.0,-32.85 -68.8
MENDOZA_OBSERVATORIO,06/AGO/2022,09Hs,4.7,195,13,0.0,-32.85 -68.8
MENDOZA_OBSERVATORIO,06/AGO/2022,12Hs,8.6,157,13,0.0,-32.85 -68.8
MENDOZA_OBSERVATORIO,06/AGO/2022,15Hs,10.3,122,21,0.0,-32.85 -68.8
MENDOZA_OBSERVATORIO,06/AGO/2022,18Hs,7.2,132,27,0.0,-32.85 -68.8
MENDOZA_OBSERVATORIO,06/AGO/2022,21Hs,4.7,155,19,0.0,-32.85 -68.8
MENDOZA_OBSERVATORIO,07/AGO/2022,00Hs,4.3,171,17,0.0,-32.85 -68.8
MENDOZA_OBSERVATORIO,07/AGO/2022,03Hs,3.4,195,14,1.2,-32.85 -68.8
MENDOZA_OBSERVATORIO,07/AGO/2022,06Hs,3.0,204,16,1.5,-32.85 -68.8
MENDOZA_OBSERVATORIO,07/AGO/2022,09Hs,2.6,201,14,1.4,-32.85 -68.8
MENDOZA_OBSERVATORIO,07/AGO/2022,12Hs,2.5,199,14,0.5,-32.85 -68.8
MENDOZA_OBSERVATORIO,07/AGO/2022,15Hs,3.0,172,16,0.0,-32.85 -68.8
MENDOZA_OBSERVATORIO,07/AGO/2022,18Hs,3.9,164,20,0.0,-32.85 -68.8
MENDOZA_OBSERVATORIO,07/AGO/2022,21Hs,2.4,188,21,0.0,-32.85 -68.8
MENDOZA_OBSERVATORIO,08/AGO/2022,00Hs,2.2,184,21,0.2,-32.85 -68.8
MENDOZA_OBSERVATORIO,08/AGO/2022,03Hs,2.1,192,19,0.0,-32.85 -68.8
MENDOZA_OBSERVATORIO,08/AGO/2022,06Hs,2.4,183,19,0.0,-32.85 -68.8
MENDOZA_OBSERVATORIO,08/AGO/2022,09Hs,3.0,203,17,0.0,-32.85 -68.8
MENDOZA_OBSERVATORIO,08/AGO/2022,12Hs,4.4,175,15,0.0,-32.85 -68.8
MENDOZA_OBSERVATORIO,08/AGO/2022,15Hs,6.9,165,18,0.0,-32.85 -68.8
MENDOZA_OBSERVATORIO,08/AGO/2022,18Hs,4.6,137,24,0.0,-32.85 -68.8
MENDOZA_OBSERVATORIO,08/AGO/2022,21Hs,3.6,132,13,0.0,-32.85 -68.8
MENDOZA_OBSERVATORIO,09/AGO/2022,00Hs,3.7,94,7,0.0,-32.85 -68.8
MENDOZA_OBSERVATORIO,09/AGO/2022,03Hs,3.5,78,4,0.0,-32.85 -68.8
MENDOZA_OBSERVATORIO,09/AGO/2022,06Hs,2.4,45,8,0.0,-32.85 -68.8
MENDOZA_OBSERVATORIO,09/AGO/2022,09Hs,1.9,19,9,0.0,-32.85 -68.8
MENDOZA_OBSERVATORIO,09/AGO/2022,12Hs,5.7,8,17,0.0,-32.85 -68.8
MENDOZA_OBSERVATORIO,09/AGO/2022,15Hs,9.3,17,22,0.0,-32.85 -68.8
MENDOZA_OBSERVATORIO,09/AGO/2022,18Hs,10.9,10,23,0.0,-32.85 -68.8
MENDOZA_OBSERVATORIO,09/AGO/2022,21Hs,7.9,30,13,0.0,-32.85 -68.8
MERCEDES_AERO_(CTES),05/AGO/2022,00Hs,7.2,192,10,0.0,-29.23 -58.08
MERCEDES_AERO_(CTES),05/AGO/2022,03Hs,6.2,195,11,0.0,-29.23 -58.08
MERCEDES_AERO_(CTES),05/AGO/2022,06Hs,5.2,170,12,0.0,-29.23 -58.08
MERCEDES_AERO_(CTES),05/AGO/2022,09Hs,7.1,152,13,0.0,-29.23 -58.08
MERCEDES_AERO_(CTES),05/AGO/2022,12Hs,12.6,133,15,0.0,-29.23 -58.08
MERCEDES_AERO_(CTES),05/AGO/2022,15Hs,14.8,135,15,0.0,-29.23 -58.08
MERCEDES_AERO_(CTES),05/AGO/2022,18Hs,11.3,135,13,0.0,-29.23 -58.08
MERCEDES_AERO_(CTES),05/AGO/2022,21Hs,7.8,124,15,0.0,-29.23 -58.08
MERCEDES_AERO_(CTES),06/AGO/2022,00Hs,6.6,95,14,0.0,-29.23 -58.08
MERCEDES_AERO_(CTES),06/AGO/2022,03Hs,5.5,101,14,0.0,-29.23 -58.08
MERCEDES_AERO_(CTES),06/AGO/2022,06Hs,4.5,116,15,0.0,-29.23 -58.08
MERCEDES_AERO_(CTES),06/AGO/2022,09Hs,7.1,119,18,0.0,-29.23 -58.08
MERCEDES_AERO_(CTES),06/AGO/2022,12Hs,13.2,101,20,0.0,-29.23 -58.08
MERCEDES_AERO_(CTES),06/AGO/2022,15Hs,12.9,83,10,0.0,-29.23 -58.08
MERCEDES_AERO_(CTES),06/AGO/2022,18Hs,11.7,94,10,0.0,-29.23 -58.08
MERCEDES_AERO_(CTES),06/AGO/2022,21Hs,10.6,120,15,0.0,-29.23 -58.08
MERCEDES_AERO_(CTES),07/AGO/2022,00Hs,8.1,133,12,0.0,-29.23 -58.08
MERCEDES_AERO_(CTES),07/AGO/2022,03Hs,6.9,129,13,0.0,-29.23 -58.08
MERCEDES_AERO_(CTES),07/AGO/2022,06Hs,6.1,137,13,0.0,-29.23 -58.08
MERCEDES_AERO_(CTES),07/AGO/2022,09Hs,8.2,130,19,0.0,-29.23 -58.08
MERCEDES_AERO_(CTES),07/AGO/2022,12Hs,13.9,124,19,0.0,-29.23 -58.08
MERCEDES_AERO_(CTES),07/AGO/2022,15Hs,15.5,127,16,0.0,-29.23 -58.08
MERCEDES_AERO_(CTES),07/AGO/2022,18Hs,12.9,148,18,0.0,-29.23 -58.08
MERCEDES_AERO_(CTES),07/AGO/2022,21Hs,11.7,121,19,0.0,-29.23 -58.08
MERCEDES_AERO_(CTES),08/AGO/2022,00Hs,11.5,131,16,0.1,-29.23 -58.08
MERCEDES_AERO_(CTES),08/AGO/2022,03Hs,11.2,133,16,0.0,-29.23 -58.08
MERCEDES_AERO_(CTES),08/AGO/2022,06Hs,10.6,137,18,0.1,-29.23 -58.08
MERCEDES_AERO_(CTES),08/AGO/2022,09Hs,10.8,127,17,0.0,-29.23 -58.08
MERCEDES_AERO_(CTES),08/AGO/2022,12Hs,12.4,126,18,0.0,-29.23 -58.08
MERCEDES_AERO_(CTES),08/AGO/2022,15Hs,13.6,144,18,0.0,-29.23 -58.08
MERCEDES_AERO_(CTES),08/AGO/2022,18Hs,12.0,166,15,0.0,-29.23 -58.08
MERCEDES_AERO_(CTES),08/AGO/2022,21Hs,11.6,167,13,0.0,-29.23 -58.08
MERCEDES_AERO_(CTES),09/AGO/2022,00Hs,11.3,173,13,0.0,-29.23 -58.08
MERCEDES_AERO_(CTES),09/AGO/2022,03Hs,10.9,185,14,0.0,-29.23 -58.08
MERCEDES_AERO_(CTES),09/AGO/2022,06Hs,10.5,169,15,0.0,-29.23 -58.08
MERCEDES_AERO_(CTES),09/AGO/2022,09Hs,10.3,186,15,0.0,-29.23 -58.08
MERCEDES_AERO_(CTES),09/AGO/2022,12Hs,10.9,188,18,0.0,-29.23 -58.08
MERCEDES_AERO_(CTES),09/AGO/2022,15Hs,10.4,191,18,0.1,-29.23 -58.08
MERCEDES_AERO_(CTES),09/AGO/2022,18Hs,9.4,181,21,0.7,-29.23 -58.08
MERCEDES_AERO_(CTES),09/AGO/2022,21Hs,8.9,199,22,2.2,-29.23 -58.08
MERLO_AERO,05/AGO/2022,00Hs,6.0,264,8,0.0,-34.68 -58.75
MERLO_AERO,05/AGO/2022,03Hs,4.9,253,9,0.0,-34.68 -58.75
MERLO_AERO,05/AGO/2022,06Hs,4.1,204,10,0.0,-34.68 -58.75
MERLO_AERO,05/AGO/2022,09Hs,5.6,189,7,0.0,-34.68 -58.75
MERLO_AERO,05/AGO/2022,12Hs,12.8,260,4,0.0,-34.68 -58.75
MERLO_AERO,05/AGO/2022,15Hs,15.2,231,5,0.0,-34.68 -58.75
MERLO_AERO,05/AGO/2022,18Hs,11.6,64,5,0.0,-34.68 -58.75
MERLO_AERO,05/AGO/2022,21Hs,8.7,69,10,0.0,-34.68 -58.75
MERLO_AERO,06/AGO/2022,00Hs,7.0,68,12,0.0,-34.68 -58.75
MERLO_AERO,06/AGO/2022,03Hs,6.4,43,11,0.0,-34.68 -58.75
MERLO_AERO,06/AGO/2022,06Hs,6.0,21,11,0.0,-34.68 -58.75
MERLO_AERO,06/AGO/2022,09Hs,7.5,61,6,0.0,-34.68 -58.75
MERLO_AERO,06/AGO/2022,12Hs,12.9,92,11,0.0,-34.68 -58.75
MERLO_AERO,06/AGO/2022,15Hs,14.9,97,15,0.0,-34.68 -58.75
MERLO_AERO,06/AGO/2022,18Hs,11.0,96,12,0.0,-34.68 -58.75
MERLO_AERO,06/AGO/2022,21Hs,7.8,99,18,0.0,-34.68 -58.75
MERLO_AERO,07/AGO/2022,00Hs,6.6,110,15,0.0,-34.68 -58.75
MERLO_AERO,07/AGO/2022,03Hs,6.2,118,17,0.0,-34.68 -58.75
MERLO_AERO,07/AGO/2022,06Hs,6.0,122,16,0.0,-34.68 -58.75
MERLO_AERO,07/AGO/2022,09Hs,6.8,126,17,0.0,-34.68 -58.75
MERLO_AERO,07/AGO/2022,12Hs,11.3,110,22,0.0,-34.68 -58.75
MERLO_AERO,07/AGO/2022,15Hs,12.8,113,23,0.0,-34.68 -58.75
MERLO_AERO,07/AGO/2022,18Hs,9.9,120,21,0.0,-34.68 -58.75
MERLO_AERO,07/AGO/2022,21Hs,6.3,110,18,0.0,-34.68 -58.75
MERLO_AERO,08/AGO/2022,00Hs,5.6,113,16,0.0,-34.68 -58.75
MERLO_AERO,08/AGO/2022,03Hs,4.8,136,14,0.0,-34.68 -58.75
MERLO_AERO,08/AGO/2022,06Hs,4.1,139,13,0.0,-34.68 -58.75
MERLO_AERO,08/AGO/2022,09Hs,6.1,134,17,0.0,-34.68 -58.75
MERLO_AERO,08/AGO/2022,12Hs,11.5,103,20,0.0,-34.68 -58.75
MERLO_AERO,08/AGO/2022,15Hs,12.3,117,14,0.0,-34.68 -58.75
MERLO_AERO,08/AGO/2022,18Hs,10.5,128,13,0.0,-34.68 -58.75
MERLO_AERO,08/AGO/2022,21Hs,7.5,129,16,0.0,-34.68 -58.75
MERLO_AERO,09/AGO/2022,00Hs,5.5,138,12,0.0,-34.68 -58.75
MERLO_AERO,09/AGO/2022,03Hs,5.2,140,12,0.0,-34.68 -58.75
MERLO_AERO,09/AGO/2022,06Hs,4.7,139,12,0.0,-34.68 -58.75
MERLO_AERO,09/AGO/2022,09Hs,6.6,134,12,0.0,-34.68 -58.75
MERLO_AERO,09/AGO/2022,12Hs,13.2,103,18,0.0,-34.68 -58.75
MERLO_AERO,09/AGO/2022,15Hs,13.9,107,15,0.0,-34.68 -58.75
MERLO_AERO,09/AGO/2022,18Hs,11.6,126,13,0.0,-34.68 -58.75
MERLO_AERO,09/AGO/2022,21Hs,6.4,98,13,0.0,-34.68 -58.75
METAN,05/AGO/2022,00Hs,8.9,333,5,0.0,-25.52 -64.97
METAN,05/AGO/2022,03Hs,7.8,336,3,0.0,-25.52 -64.97
METAN,05/AGO/2022,06Hs,6.6,46,3,0.0,-25.52 -64.97
METAN,05/AGO/2022,09Hs,8.1,59,5,0.0,-25.52 -64.97
METAN,05/AGO/2022,12Hs,14.9,62,17,0.0,-25.52 -64.97
METAN,05/AGO/2022,15Hs,18.4,63,22,0.0,-25.52 -64.97
METAN,05/AGO/2022,18Hs,16.8,58,18,0.0,-25.52 -64.97
METAN,05/AGO/2022,21Hs,11.1,360,7,0.0,-25.52 -64.97
METAN,06/AGO/2022,00Hs,9.5,13,3,0.0,-25.52 -64.97
METAN,06/AGO/2022,03Hs,8.6,179,0,0.0,-25.52 -64.97
METAN,06/AGO/2022,06Hs,8.0,258,4,0.0,-25.52 -64.97
METAN,06/AGO/2022,09Hs,10.0,165,2,0.0,-25.52 -64.97
METAN,06/AGO/2022,12Hs,16.2,74,11,0.0,-25.52 -64.97
METAN,06/AGO/2022,15Hs,20.0,67,17,0.0,-25.52 -64.97
METAN,06/AGO/2022,18Hs,19.4,70,14,0.0,-25.52 -64.97
METAN,06/AGO/2022,21Hs,12.6,257,9,0.0,-25.52 -64.97
METAN,07/AGO/2022,00Hs,12.4,237,11,0.0,-25.52 -64.97
METAN,07/AGO/2022,03Hs,9.5,320,2,0.0,-25.52 -64.97
METAN,07/AGO/2022,06Hs,7.3,235,8,0.0,-25.52 -64.97
METAN,07/AGO/2022,09Hs,8.6,216,2,0.0,-25.52 -64.97
METAN,07/AGO/2022,12Hs,14.6,74,11,0.0,-25.52 -64.97
METAN,07/AGO/2022,15Hs,17.4,77,18,0.0,-25.52 -64.97
METAN,07/AGO/2022,18Hs,14.3,82,16,0.0,-25.52 -64.97
METAN,07/AGO/2022,21Hs,9.8,95,1,0.0,-25.52 -64.97
METAN,08/AGO/2022,00Hs,9.7,189,5,0.0,-25.52 -64.97
METAN,08/AGO/2022,03Hs,9.5,240,4,0.0,-25.52 -64.97
METAN,08/AGO/2022,06Hs,9.1,207,6,0.0,-25.52 -64.97
METAN,08/AGO/2022,09Hs,8.9,217,10,0.0,-25.52 -64.97
METAN,08/AGO/2022,12Hs,8.9,228,15,0.0,-25.52 -64.97
METAN,08/AGO/2022,15Hs,9.9,196,1,0.0,-25.52 -64.97
METAN,08/AGO/2022,18Hs,8.4,202,7,0.0,-25.52 -64.97
METAN,08/AGO/2022,21Hs,7.2,214,8,0.0,-25.52 -64.97
METAN,09/AGO/2022,00Hs,6.5,220,12,0.5,-25.52 -64.97
METAN,09/AGO/2022,03Hs,5.6,234,12,1.4,-25.52 -64.97
METAN,09/AGO/2022,06Hs,5.5,232,11,0.1,-25.52 -64.97
METAN,09/AGO/2022,09Hs,5.4,205,6,0.0,-25.52 -64.97
METAN,09/AGO/2022,12Hs,10.5,141,7,0.0,-25.52 -64.97
METAN,09/AGO/2022,15Hs,13.6,83,9,0.0,-25.52 -64.97
METAN,09/AGO/2022,18Hs,12.6,79,15,0.0,-25.52 -64.97
METAN,09/AGO/2022,21Hs,6.6,305,7,0.0,-25.52 -64.97
MONTE_CASEROS_AERO,05/AGO/2022,00Hs,6.6,188,11,0.0,-30.27 -57.63
MONTE_CASEROS_AERO,05/AGO/2022,03Hs,5.9,221,6,0.0,-30.27 -57.63
MONTE_CASEROS_AERO,05/AGO/2022,06Hs,5.1,189,8,0.0,-30.27 -57.63
MONTE_CASEROS_AERO,05/AGO/2022,09Hs,7.0,162,10,0.0,-30.27 -57.63
MONTE_CASEROS_AERO,05/AGO/2022,12Hs,12.3,136,12,0.0,-30.27 -57.63
MONTE_CASEROS_AERO,05/AGO/2022,15Hs,14.1,141,12,0.0,-30.27 -57.63
MONTE_CASEROS_AERO,05/AGO/2022,18Hs,10.7,134,12,0.0,-30.27 -57.63
MONTE_CASEROS_AERO,05/AGO/2022,21Hs,7.5,118,14,0.0,-30.27 -57.63
MONTE_CASEROS_AERO,06/AGO/2022,00Hs,6.1,83,13,0.0,-30.27 -57.63
MONTE_CASEROS_AERO,06/AGO/2022,03Hs,5.2,96,13,0.0,-30.27 -57.63
MONTE_CASEROS_AERO,06/AGO/2022,06Hs,4.1,109,14,0.0,-30.27 -57.63
MONTE_CASEROS_AERO,06/AGO/2022,09Hs,6.6,112,17,0.0,-30.27 -57.63
MONTE_CASEROS_AERO,06/AGO/2022,12Hs,12.8,90,20,0.0,-30.27 -57.63
MONTE_CASEROS_AERO,06/AGO/2022,15Hs,14.3,113,16,0.0,-30.27 -57.63
MONTE_CASEROS_AERO,06/AGO/2022,18Hs,11.7,116,13,0.0,-30.27 -57.63
MONTE_CASEROS_AERO,06/AGO/2022,21Hs,8.7,117,16,0.0,-30.27 -57.63
MONTE_CASEROS_AERO,07/AGO/2022,00Hs,7.1,133,12,0.0,-30.27 -57.63
MONTE_CASEROS_AERO,07/AGO/2022,03Hs,6.2,129,13,0.0,-30.27 -57.63
MONTE_CASEROS_AERO,07/AGO/2022,06Hs,5.6,133,13,0.0,-30.27 -57.63
MONTE_CASEROS_AERO,07/AGO/2022,09Hs,7.5,125,20,0.0,-30.27 -57.63
MONTE_CASEROS_AERO,07/AGO/2022,12Hs,13.2,121,21,0.0,-30.27 -57.63
MONTE_CASEROS_AERO,07/AGO/2022,15Hs,13.5,130,16,0.0,-30.27 -57.63
MONTE_CASEROS_AERO,07/AGO/2022,18Hs,11.6,126,18,0.0,-30.27 -57.63
MONTE_CASEROS_AERO,07/AGO/2022,21Hs,11.3,126,19,0.0,-30.27 -57.63
MONTE_CASEROS_AERO,08/AGO/2022,00Hs,10.9,119,15,0.2,-30.27 -57.63
MONTE_CASEROS_AERO,08/AGO/2022,03Hs,10.4,134,16,0.1,-30.27 -57.63
MONTE_CASEROS_AERO,08/AGO/2022,06Hs,9.9,131,18,0.0,-30.27 -57.63
MONTE_CASEROS_AERO,08/AGO/2022,09Hs,10.1,126,16,0.0,-30.27 -57.63
MONTE_CASEROS_AERO,08/AGO/2022,12Hs,11.5,123,17,0.0,-30.27 -57.63
MONTE_CASEROS_AERO,08/AGO/2022,15Hs,12.0,138,17,0.0,-30.27 -57.63
MONTE_CASEROS_AERO,08/AGO/2022,18Hs,11.5,162,12,0.0,-30.27 -57.63
MONTE_CASEROS_AERO,08/AGO/2022,21Hs,10.9,146,13,0.2,-30.27 -57.63
MONTE_CASEROS_AERO,09/AGO/2022,00Hs,10.7,155,12,0.0,-30.27 -57.63
MONTE_CASEROS_AERO,09/AGO/2022,03Hs,10.3,166,15,0.0,-30.27 -57.63
MONTE_CASEROS_AERO,09/AGO/2022,06Hs,10.1,154,15,0.0,-30.27 -57.63
MONTE_CASEROS_AERO,09/AGO/2022,09Hs,9.9,173,15,0.0,-30.27 -57.63
MONTE_CASEROS_AERO,09/AGO/2022,12Hs,9.9,176,19,0.6,-30.27 -57.63
MONTE_CASEROS_AERO,09/AGO/2022,15Hs,9.7,164,20,0.6,-30.27 -57.63
MONTE_CASEROS_AERO,09/AGO/2022,18Hs,8.9,173,23,1.2,-30.27 -57.63
MONTE_CASEROS_AERO,09/AGO/2022,21Hs,9.5,176,26,5.7,-30.27 -57.63
MORON_AERO,05/AGO/2022,00Hs,7.2,248,5,0.0,-34.67 -58.63
MORON_AERO,05/AGO/2022,03Hs,6.3,260,7,0.0,-34.67 -58.63
MORON_AERO,05/AGO/2022,06Hs,5.2,224,7,0.0,-34.67 -58.63
MORON_AERO,05/AGO/2022,09Hs,6.3,196,7,0.0,-34.67 -58.63
MORON_AERO,05/AGO/2022,12Hs,12.7,249,3,0.0,-34.67 -58.63
MORON_AERO,05/AGO/2022,15Hs,15.2,216,4,0.0,-34.67 -58.63
MORON_AERO,05/AGO/2022,18Hs,12.6,106,3,0.0,-34.67 -58.63
MORON_AERO,05/AGO/2022,21Hs,10.2,81,7,0.0,-34.67 -58.63
MORON_AERO,06/AGO/2022,00Hs,8.8,73,8,0.0,-34.67 -58.63
MORON_AERO,06/AGO/2022,03Hs,8.0,47,7,0.0,-34.67 -58.63
MORON_AERO,06/AGO/2022,06Hs,7.4,28,7,0.0,-34.67 -58.63
MORON_AERO,06/AGO/2022,09Hs,8.2,48,5,0.0,-34.67 -58.63
MORON_AERO,06/AGO/2022,12Hs,12.9,87,9,0.0,-34.67 -58.63
MORON_AERO,06/AGO/2022,15Hs,14.6,80,13,0.0,-34.67 -58.63
MORON_AERO,06/AGO/2022,18Hs,11.3,75,12,0.0,-34.67 -58.63
MORON_AERO,06/AGO/2022,21Hs,9.2,110,15,0.0,-34.67 -58.63
MORON_AERO,07/AGO/2022,00Hs,8.5,111,12,0.0,-34.67 -58.63
MORON_AERO,07/AGO/2022,03Hs,7.3,119,11,0.0,-34.67 -58.63
MORON_AERO,07/AGO/2022,06Hs,6.7,130,11,0.0,-34.67 -58.63
MORON_AERO,07/AGO/2022,09Hs,7.5,128,14,0.0,-34.67 -58.63
MORON_AERO,07/AGO/2022,12Hs,11.3,108,17,0.0,-34.67 -58.63
MORON_AERO,07/AGO/2022,15Hs,13.2,103,17,0.0,-34.67 -58.63
MORON_AERO,07/AGO/2022,18Hs,10.7,102,15,0.0,-34.67 -58.63
MORON_AERO,07/AGO/2022,21Hs,7.7,117,14,0.0,-34.67 -58.63
MORON_AERO,08/AGO/2022,00Hs,6.7,127,12,0.0,-34.67 -58.63
MORON_AERO,08/AGO/2022,03Hs,6.1,138,11,0.0,-34.67 -58.63
MORON_AERO,08/AGO/2022,06Hs,5.4,140,11,0.0,-34.67 -58.63
MORON_AERO,08/AGO/2022,09Hs,6.9,133,12,0.0,-34.67 -58.63
MORON_AERO,08/AGO/2022,12Hs,12.1,99,15,0.0,-34.67 -58.63
MORON_AERO,08/AGO/2022,15Hs,12.8,97,15,0.0,-34.67 -58.63
MORON_AERO,08/AGO/2022,18Hs,11.1,110,14,0.0,-34.67 -58.63
MORON_AERO,08/AGO/2022,21Hs,9.1,126,14,0.0,-34.67 -58.63
MORON_AERO,09/AGO/2022,00Hs,7.5,142,10,0.0,-34.67 -58.63
MORON_AERO,09/AGO/2022,03Hs,6.7,143,10,0.0,-34.67 -58.63
MORON_AERO,09/AGO/2022,06Hs,6.4,137,8,0.0,-34.67 -58.63
MORON_AERO,09/AGO/2022,09Hs,7.7,133,9,0.0,-34.67 -58.63
MORON_AERO,09/AGO/2022,12Hs,13.1,98,14,0.0,-34.67 -58.63
MORON_AERO,09/AGO/2022,15Hs,14.7,89,14,0.0,-34.67 -58.63
MORON_AERO,09/AGO/2022,18Hs,12.0,86,10,0.0,-34.67 -58.63
MORON_AERO,09/AGO/2022,21Hs,8.8,112,10,0.0,-34.67 -58.63
NEUQUEN_AERO,05/AGO/2022,00Hs,7.3,249,10,0.0,-38.95 -68.13
NEUQUEN_AERO,05/AGO/2022,03Hs,5.8,196,5,0.0,-38.95 -68.13
NEUQUEN_AERO,05/AGO/2022,06Hs,5.7,184,12,0.0,-38.95 -68.13
NEUQUEN_AERO,05/AGO/2022,09Hs,4.4,178,19,0.0,-38.95 -68.13
NEUQUEN_AERO,05/AGO/2022,12Hs,7.3,130,15,0.0,-38.95 -68.13
NEUQUEN_AERO,05/AGO/2022,15Hs,8.5,132,12,0.0,-38.95 -68.13
NEUQUEN_AERO,05/AGO/2022,18Hs,7.4,135,14,0.0,-38.95 -68.13
NEUQUEN_AERO,05/AGO/2022,21Hs,5.0,120,13,0.5,-38.95 -68.13
NEUQUEN_AERO,06/AGO/2022,00Hs,3.7,122,18,1.6,-38.95 -68.13
NEUQUEN_AERO,06/AGO/2022,03Hs,3.4,96,22,0.9,-38.95 -68.13
NEUQUEN_AERO,06/AGO/2022,06Hs,3.5,112,25,0.7,-38.95 -68.13
NEUQUEN_AERO,06/AGO/2022,09Hs,1.2,117,28,0.7,-38.95 -68.13
NEUQUEN_AERO,06/AGO/2022,12Hs,2.2,113,24,0.8,-38.95 -68.13
NEUQUEN_AERO,06/AGO/2022,15Hs,3.4,114,24,0.7,-38.95 -68.13
NEUQUEN_AERO,06/AGO/2022,18Hs,3.2,119,26,0.4,-38.95 -68.13
NEUQUEN_AERO,06/AGO/2022,21Hs,2.9,123,22,0.6,-38.95 -68.13
NEUQUEN_AERO,07/AGO/2022,00Hs,2.7,122,20,1.1,-38.95 -68.13
NEUQUEN_AERO,07/AGO/2022,03Hs,2.9,115,23,2.1,-38.95 -68.13
NEUQUEN_AERO,07/AGO/2022,06Hs,3.2,109,22,0.8,-38.95 -68.13
NEUQUEN_AERO,07/AGO/2022,09Hs,2.9,110,18,2.2,-38.95 -68.13
NEUQUEN_AERO,07/AGO/2022,12Hs,2.5,112,21,2.0,-38.95 -68.13
NEUQUEN_AERO,07/AGO/2022,15Hs,2.4,110,19,3.1,-38.95 -68.13
NEUQUEN_AERO,07/AGO/2022,18Hs,2.5,105,17,1.8,-38.95 -68.13
NEUQUEN_AERO,07/AGO/2022,21Hs,2.6,92,13,1.6,-38.95 -68.13
NEUQUEN_AERO,08/AGO/2022,00Hs,2.6,95,9,2.2,-38.95 -68.13
NEUQUEN_AERO,08/AGO/2022,03Hs,3.1,163,4,1.6,-38.95 -68.13
NEUQUEN_AERO,08/AGO/2022,06Hs,3.6,108,11,0.8,-38.95 -68.13
NEUQUEN_AERO,08/AGO/2022,09Hs,3.1,87,15,0.3,-38.95 -68.13
NEUQUEN_AERO,08/AGO/2022,12Hs,3.5,75,13,0.2,-38.95 -68.13
NEUQUEN_AERO,08/AGO/2022,15Hs,3.9,61,10,0.2,-38.95 -68.13
NEUQUEN_AERO,08/AGO/2022,18Hs,4.1,44,9,0.0,-38.95 -68.13
NEUQUEN_AERO,08/AGO/2022,21Hs,4.1,29,6,0.1,-38.95 -68.13
NEUQUEN_AERO,09/AGO/2022,00Hs,4.3,35,12,0.0,-38.95 -68.13
NEUQUEN_AERO,09/AGO/2022,03Hs,4.5,317,7,0.0,-38.95 -68.13
NEUQUEN_AERO,09/AGO/2022,06Hs,3.3,25,14,0.0,-38.95 -68.13
NEUQUEN_AERO,09/AGO/2022,09Hs,3.2,17,9,0.0,-38.95 -68.13
NEUQUEN_AERO,09/AGO/2022,12Hs,7.5,351,28,0.0,-38.95 -68.13
NEUQUEN_AERO,09/AGO/2022,15Hs,10.4,340,32,0.0,-38.95 -68.13
NEUQUEN_AERO,09/AGO/2022,18Hs,9.4,287,16,0.0,-38.95 -68.13
NEUQUEN_AERO,09/AGO/2022,21Hs,6.2,269,3,0.0,-38.95 -68.13
NUEVE_DE_JULIO,05/AGO/2022,00Hs,7.1,215,9,0.0,-35.43 -60.88
NUEVE_DE_JULIO,05/AGO/2022,03Hs,5.9,212,9,0.0,-35.43 -60.88
NUEVE_DE_JULIO,05/AGO/2022,06Hs,4.7,197,7,0.0,-35.43 -60.88
NUEVE_DE_JULIO,05/AGO/2022,09Hs,6.6,307,0,0.0,-35.43 -60.88
NUEVE_DE_JULIO,05/AGO/2022,12Hs,14.0,330,7,0.0,-35.43 -60.88
NUEVE_DE_JULIO,05/AGO/2022,15Hs,16.8,318,7,0.0,-35.43 -60.88
NUEVE_DE_JULIO,05/AGO/2022,18Hs,13.3,56,7,0.0,-35.43 -60.88
NUEVE_DE_JULIO,05/AGO/2022,21Hs,9.4,67,11,0.0,-35.43 -60.88
NUEVE_DE_JULIO,06/AGO/2022,00Hs,7.5,53,12,0.0,-35.43 -60.88
NUEVE_DE_JULIO,06/AGO/2022,03Hs,6.4,27,13,0.0,-35.43 -60.88
NUEVE_DE_JULIO,06/AGO/2022,06Hs,5.0,32,8,0.0,-35.43 -60.88
NUEVE_DE_JULIO,06/AGO/2022,09Hs,5.7,106,10,0.0,-35.43 -60.88
NUEVE_DE_JULIO,06/AGO/2022,12Hs,12.2,91,14,0.0,-35.43 -60.88
NUEVE_DE_JULIO,06/AGO/2022,15Hs,15.0,87,15,0.0,-35.43 -60.88
NUEVE_DE_JULIO,06/AGO/2022,18Hs,11.9,109,15,0.0,-35.43 -60.88
NUEVE_DE_JULIO,06/AGO/2022,21Hs,9.4,111,21,0.0,-35.43 -60.88
NUEVE_DE_JULIO,07/AGO/2022,00Hs,8.1,108,18,0.0,-35.43 -60.88
NUEVE_DE_JULIO,07/AGO/2022,03Hs,6.7,116,17,0.0,-35.43 -60.88
NUEVE_DE_JULIO,07/AGO/2022,06Hs,5.8,113,18,0.0,-35.43 -60.88
NUEVE_DE_JULIO,07/AGO/2022,09Hs,6.1,110,17,0.0,-35.43 -60.88
NUEVE_DE_JULIO,07/AGO/2022,12Hs,10.8,98,22,0.0,-35.43 -60.88
NUEVE_DE_JULIO,07/AGO/2022,15Hs,12.9,103,22,0.0,-35.43 -60.88
NUEVE_DE_JULIO,07/AGO/2022,18Hs,10.9,116,21,0.0,-35.43 -60.88
NUEVE_DE_JULIO,07/AGO/2022,21Hs,7.9,112,18,0.0,-35.43 -60.88
NUEVE_DE_JULIO,08/AGO/2022,00Hs,6.8,106,14,0.0,-35.43 -60.88
NUEVE_DE_JULIO,08/AGO/2022,03Hs,4.7,116,13,0.0,-35.43 -60.88
NUEVE_DE_JULIO,08/AGO/2022,06Hs,3.2,129,14,0.0,-35.43 -60.88
NUEVE_DE_JULIO,08/AGO/2022,09Hs,4.4,126,17,0.0,-35.43 -60.88
NUEVE_DE_JULIO,08/AGO/2022,12Hs,9.9,107,20,0.0,-35.43 -60.88
NUEVE_DE_JULIO,08/AGO/2022,15Hs,12.4,110,19,0.0,-35.43 -60.88
NUEVE_DE_JULIO,08/AGO/2022,18Hs,10.4,124,14,0.0,-35.43 -60.88
NUEVE_DE_JULIO,08/AGO/2022,21Hs,6.4,128,11,0.0,-35.43 -60.88
NUEVE_DE_JULIO,09/AGO/2022,00Hs,4.8,106,10,0.0,-35.43 -60.88
NUEVE_DE_JULIO,09/AGO/2022,03Hs,3.8,125,11,0.0,-35.43 -60.88
NUEVE_DE_JULIO,09/AGO/2022,06Hs,3.0,144,11,0.0,-35.43 -60.88
NUEVE_DE_JULIO,09/AGO/2022,09Hs,4.4,132,10,0.0,-35.43 -60.88
NUEVE_DE_JULIO,09/AGO/2022,12Hs,11.8,97,14,0.0,-35.43 -60.88
NUEVE_DE_JULIO,09/AGO/2022,15Hs,14.6,69,12,0.0,-35.43 -60.88
NUEVE_DE_JULIO,09/AGO/2022,18Hs,11.7,77,9,0.0,-35.43 -60.88
NUEVE_DE_JULIO,09/AGO/2022,21Hs,8.5,62,12,0.0,-35.43 -60.88
OBERA_AERO,05/AGO/2022,00Hs,12.4,193,5,0.2,-27.48 -55.13
OBERA_AERO,05/AGO/2022,03Hs,11.0,210,7,0.1,-27.48 -55.13
OBERA_AERO,05/AGO/2022,06Hs,9.6,195,5,0.0,-27.48 -55.13
OBERA_AERO,05/AGO/2022,09Hs,10.7,149,5,0.0,-27.48 -55.13
OBERA_AERO,05/AGO/2022,12Hs,17.7,157,7,0.0,-27.48 -55.13
OBERA_AERO,05/AGO/2022,15Hs,19.6,167,8,0.0,-27.48 -55.13
OBERA_AERO,05/AGO/2022,18Hs,14.2,145,7,0.0,-27.48 -55.13
OBERA_AERO,05/AGO/2022,21Hs,8.8,129,4,0.0,-27.48 -55.13
OBERA_AERO,06/AGO/2022,00Hs,7.3,123,4,0.0,-27.48 -55.13
OBERA_AERO,06/AGO/2022,03Hs,6.7,118,4,0.0,-27.48 -55.13
OBERA_AERO,06/AGO/2022,06Hs,6.6,92,4,0.0,-27.48 -55.13
OBERA_AERO,06/AGO/2022,09Hs,12.2,39,4,0.0,-27.48 -55.13
OBERA_AERO,06/AGO/2022,12Hs,11.0,46,1,2.9,-27.48 -55.13
OBERA_AERO,06/AGO/2022,15Hs,12.1,201,4,5.4,-27.48 -55.13
OBERA_AERO,06/AGO/2022,18Hs,10.8,165,4,12.8,-27.48 -55.13
OBERA_AERO,06/AGO/2022,21Hs,11.1,101,3,6.2,-27.48 -55.13
OBERA_AERO,07/AGO/2022,00Hs,11.4,73,2,0.0,-27.48 -55.13
OBERA_AERO,07/AGO/2022,03Hs,10.7,86,0,0.0,-27.48 -55.13
OBERA_AERO,07/AGO/2022,06Hs,11.0,193,3,0.0,-27.48 -55.13
OBERA_AERO,07/AGO/2022,09Hs,12.0,127,3,0.0,-27.48 -55.13
OBERA_AERO,07/AGO/2022,12Hs,16.4,106,4,0.0,-27.48 -55.13
OBERA_AERO,07/AGO/2022,15Hs,16.5,174,3,0.0,-27.48 -55.13
OBERA_AERO,07/AGO/2022,18Hs,14.6,196,4,0.0,-27.48 -55.13
OBERA_AERO,07/AGO/2022,21Hs,13.6,184,3,0.0,-27.48 -55.13
OBERA_AERO,08/AGO/2022,00Hs,12.4,156,5,0.0,-27.48 -55.13
OBERA_AERO,08/AGO/2022,03Hs,10.3,142,2,0.0,-27.48 -55.13
OBERA_AERO,08/AGO/2022,06Hs,10.3,140,3,0.0,-27.48 -55.13
OBERA_AERO,08/AGO/2022,09Hs,11.9,132,5,0.0,-27.48 -55.13
OBERA_AERO,08/AGO/2022,12Hs,18.4,138,7,0.0,-27.48 -55.13
OBERA_AERO,08/AGO/2022,15Hs,16.7,166,8,0.0,-27.48 -55.13
OBERA_AERO,08/AGO/2022,18Hs,14.8,165,8,0.0,-27.48 -55.13
OBERA_AERO,08/AGO/2022,21Hs,12.7,155,5,0.0,-27.48 -55.13
OBERA_AERO,09/AGO/2022,00Hs,10.6,170,5,0.0,-27.48 -55.13
OBERA_AERO,09/AGO/2022,03Hs,10.4,207,4,0.0,-27.48 -55.13
OBERA_AERO,09/AGO/2022,06Hs,10.4,199,4,0.0,-27.48 -55.13
OBERA_AERO,09/AGO/2022,09Hs,10.9,194,4,0.0,-27.48 -55.13
OBERA_AERO,09/AGO/2022,12Hs,12.7,266,9,0.1,-27.48 -55.13
OBERA_AERO,09/AGO/2022,15Hs,12.6,246,7,0.2,-27.48 -55.13
OBERA_AERO,09/AGO/2022,18Hs,11.0,264,8,0.5,-27.48 -55.13
OBERA_AERO,09/AGO/2022,21Hs,10.0,283,7,0.2,-27.48 -55.13
OLAVARRIA_AERO,05/AGO/2022,00Hs,4.9,195,10,0.0,-36.88 -60.22
OLAVARRIA_AERO,05/AGO/2022,03Hs,3.7,178,8,0.0,-36.88 -60.22
OLAVARRIA_AERO,05/AGO/2022,06Hs,2.6,180,6,0.0,-36.88 -60.22
OLAVARRIA_AERO,05/AGO/2022,09Hs,4.8,286,2,0.0,-36.88 -60.22
OLAVARRIA_AERO,05/AGO/2022,12Hs,12.2,295,11,0.0,-36.88 -60.22
OLAVARRIA_AERO,05/AGO/2022,15Hs,14.6,261,12,0.0,-36.88 -60.22
OLAVARRIA_AERO,05/AGO/2022,18Hs,10.6,194,8,0.0,-36.88 -60.22
OLAVARRIA_AERO,05/AGO/2022,21Hs,7.4,130,8,0.0,-36.88 -60.22
OLAVARRIA_AERO,06/AGO/2022,00Hs,7.3,127,13,0.0,-36.88 -60.22
OLAVARRIA_AERO,06/AGO/2022,03Hs,4.5,142,11,0.0,-36.88 -60.22
OLAVARRIA_AERO,06/AGO/2022,06Hs,3.8,123,13,0.0,-36.88 -60.22
OLAVARRIA_AERO,06/AGO/2022,09Hs,4.6,114,15,0.0,-36.88 -60.22
OLAVARRIA_AERO,06/AGO/2022,12Hs,9.3,107,19,0.0,-36.88 -60.22
OLAVARRIA_AERO,06/AGO/2022,15Hs,11.3,103,16,0.0,-36.88 -60.22
OLAVARRIA_AERO,06/AGO/2022,18Hs,9.2,102,12,0.0,-36.88 -60.22
OLAVARRIA_AERO,06/AGO/2022,21Hs,6.8,138,17,0.0,-36.88 -60.22
OLAVARRIA_AERO,07/AGO/2022,00Hs,5.9,131,15,0.0,-36.88 -60.22
OLAVARRIA_AERO,07/AGO/2022,03Hs,5.3,117,16,0.0,-36.88 -60.22
OLAVARRIA_AERO,07/AGO/2022,06Hs,4.7,116,13,0.0,-36.88 -60.22
OLAVARRIA_AERO,07/AGO/2022,09Hs,4.9,124,15,0.0,-36.88 -60.22
OLAVARRIA_AERO,07/AGO/2022,12Hs,9.0,105,17,0.0,-36.88 -60.22
OLAVARRIA_AERO,07/AGO/2022,15Hs,10.4,114,17,0.0,-36.88 -60.22
OLAVARRIA_AERO,07/AGO/2022,18Hs,9.0,116,13,0.0,-36.88 -60.22
OLAVARRIA_AERO,07/AGO/2022,21Hs,4.8,128,11,0.0,-36.88 -60.22
OLAVARRIA_AERO,08/AGO/2022,00Hs,4.2,121,14,0.0,-36.88 -60.22
OLAVARRIA_AERO,08/AGO/2022,03Hs,2.7,111,11,0.0,-36.88 -60.22
OLAVARRIA_AERO,08/AGO/2022,06Hs,2.0,124,10,0.0,-36.88 -60.22
OLAVARRIA_AERO,08/AGO/2022,09Hs,2.7,119,13,0.0,-36.88 -60.22
OLAVARRIA_AERO,08/AGO/2022,12Hs,8.6,94,15,0.0,-36.88 -60.22
OLAVARRIA_AERO,08/AGO/2022,15Hs,10.7,97,14,0.0,-36.88 -60.22
OLAVARRIA_AERO,08/AGO/2022,18Hs,7.9,108,9,0.0,-36.88 -60.22
OLAVARRIA_AERO,08/AGO/2022,21Hs,4.5,122,9,0.0,-36.88 -60.22
OLAVARRIA_AERO,09/AGO/2022,00Hs,3.4,113,11,0.0,-36.88 -60.22
OLAVARRIA_AERO,09/AGO/2022,03Hs,2.7,86,10,0.0,-36.88 -60.22
OLAVARRIA_AERO,09/AGO/2022,06Hs,2.0,125,8,0.0,-36.88 -60.22
OLAVARRIA_AERO,09/AGO/2022,09Hs,3.3,100,7,0.0,-36.88 -60.22
OLAVARRIA_AERO,09/AGO/2022,12Hs,10.5,59,12,0.0,-36.88 -60.22
OLAVARRIA_AERO,09/AGO/2022,15Hs,12.7,25,10,0.0,-36.88 -60.22
OLAVARRIA_AERO,09/AGO/2022,18Hs,10.8,23,10,0.0,-36.88 -60.22
OLAVARRIA_AERO,09/AGO/2022,21Hs,6.8,48,10,0.0,-36.88 -60.22
ORAN_AERO,05/AGO/2022,00Hs,15.5,334,3,0.0,-23.15 -64.33
ORAN_AERO,05/AGO/2022,03Hs,13.1,169,3,0.0,-23.15 -64.33
ORAN_AERO,05/AGO/2022,06Hs,9.0,185,1,0.0,-23.15 -64.33
ORAN_AERO,05/AGO/2022,09Hs,11.8,343,2,0.0,-23.15 -64.33
ORAN_AERO,05/AGO/2022,12Hs,21.2,81,4,0.0,-23.15 -64.33
ORAN_AERO,05/AGO/2022,15Hs,23.4,88,9,0.0,-23.15 -64.33
ORAN_AERO,05/AGO/2022,18Hs,21.6,89,10,0.0,-23.15 -64.33
ORAN_AERO,05/AGO/2022,21Hs,15.0,341,3,0.0,-23.15 -64.33
ORAN_AERO,06/AGO/2022,00Hs,13.0,329,4,0.0,-23.15 -64.33
ORAN_AERO,06/AGO/2022,03Hs,10.8,344,4,0.0,-23.15 -64.33
ORAN_AERO,06/AGO/2022,06Hs,9.4,338,4,0.0,-23.15 -64.33
ORAN_AERO,06/AGO/2022,09Hs,12.2,274,2,0.0,-23.15 -64.33
ORAN_AERO,06/AGO/2022,12Hs,22.9,27,3,0.0,-23.15 -64.33
ORAN_AERO,06/AGO/2022,15Hs,27.3,90,7,0.0,-23.15 -64.33
ORAN_AERO,06/AGO/2022,18Hs,24.8,111,8,0.0,-23.15 -64.33
ORAN_AERO,06/AGO/2022,21Hs,16.4,273,1,0.0,-23.15 -64.33
ORAN_AERO,07/AGO/2022,00Hs,14.0,50,1,0.0,-23.15 -64.33
ORAN_AERO,07/AGO/2022,03Hs,12.5,301,2,0.0,-23.15 -64.33
ORAN_AERO,07/AGO/2022,06Hs,11.0,221,1,0.0,-23.15 -64.33
ORAN_AERO,07/AGO/2022,09Hs,13.8,177,3,0.0,-23.15 -64.33
ORAN_AERO,07/AGO/2022,12Hs,21.1,164,6,0.0,-23.15 -64.33
ORAN_AERO,07/AGO/2022,15Hs,23.7,118,8,0.0,-23.15 -64.33
ORAN_AERO,07/AGO/2022,18Hs,21.9,101,8,0.0,-23.15 -64.33
ORAN_AERO,07/AGO/2022,21Hs,18.0,65,3,0.0,-23.15 -64.33
ORAN_AERO,08/AGO/2022,00Hs,17.3,178,1,0.0,-23.15 -64.33
ORAN_AERO,08/AGO/2022,03Hs,17.0,171,7,0.0,-23.15 -64.33
ORAN_AERO,08/AGO/2022,06Hs,14.5,174,5,0.0,-23.15 -64.33
ORAN_AERO,08/AGO/2022,09Hs,14.7,150,5,0.0,-23.15 -64.33
ORAN_AERO,08/AGO/2022,12Hs,14.4,145,7,0.0,-23.15 -64.33
ORAN_AERO,08/AGO/2022,15Hs,14.4,151,7,0.0,-23.15 -64.33
ORAN_AERO,08/AGO/2022,18Hs,12.9,145,5,0.0,-23.15 -64.33
ORAN_AERO,08/AGO/2022,21Hs,11.9,99,1,0.0,-23.15 -64.33
ORAN_AERO,09/AGO/2022,00Hs,11.5,164,6,0.0,-23.15 -64.33
ORAN_AERO,09/AGO/2022,03Hs,11.0,153,7,0.0,-23.15 -64.33
ORAN_AERO,09/AGO/2022,06Hs,10.5,150,5,0.0,-23.15 -64.33
ORAN_AERO,09/AGO/2022,09Hs,9.5,144,5,0.0,-23.15 -64.33
ORAN_AERO,09/AGO/2022,12Hs,10.7,160,6,0.0,-23.15 -64.33
ORAN_AERO,09/AGO/2022,15Hs,11.0,239,4,0.0,-23.15 -64.33
ORAN_AERO,09/AGO/2022,18Hs,12.5,304,8,0.0,-23.15 -64.33
ORAN_AERO,09/AGO/2022,21Hs,7.2,341,6,0.0,-23.15 -64.33
PARANA_AERO,05/AGO/2022,00Hs,7.6,151,7,0.0,-31.78 -60.48
PARANA_AERO,05/AGO/2022,03Hs,6.3,146,4,0.0,-31.78 -60.48
PARANA_AERO,05/AGO/2022,06Hs,5.5,52,3,0.0,-31.78 -60.48
PARANA_AERO,05/AGO/2022,09Hs,8.0,46,3,0.0,-31.78 -60.48
PARANA_AERO,05/AGO/2022,12Hs,14.6,84,9,0.0,-31.78 -60.48
PARANA_AERO,05/AGO/2022,15Hs,16.9,54,9,0.0,-31.78 -60.48
PARANA_AERO,05/AGO/2022,18Hs,13.0,61,12,0.0,-31.78 -60.48
PARANA_AERO,05/AGO/2022,21Hs,8.9,65,13,0.0,-31.78 -60.48
PARANA_AERO,06/AGO/2022,00Hs,7.0,58,12,0.0,-31.78 -60.48
PARANA_AERO,06/AGO/2022,03Hs,6.0,49,12,0.0,-31.78 -60.48
PARANA_AERO,06/AGO/2022,06Hs,5.0,68,12,0.0,-31.78 -60.48
PARANA_AERO,06/AGO/2022,09Hs,6.5,78,14,0.0,-31.78 -60.48
PARANA_AERO,06/AGO/2022,12Hs,12.9,77,16,0.0,-31.78 -60.48
PARANA_AERO,06/AGO/2022,15Hs,15.5,87,17,0.0,-31.78 -60.48
PARANA_AERO,06/AGO/2022,18Hs,12.2,96,13,0.0,-31.78 -60.48
PARANA_AERO,06/AGO/2022,21Hs,8.4,113,12,0.0,-31.78 -60.48
PARANA_AERO,07/AGO/2022,00Hs,7.0,113,13,0.0,-31.78 -60.48
PARANA_AERO,07/AGO/2022,03Hs,6.1,128,12,0.0,-31.78 -60.48
PARANA_AERO,07/AGO/2022,06Hs,4.6,123,14,0.0,-31.78 -60.48
PARANA_AERO,07/AGO/2022,09Hs,5.5,121,18,0.0,-31.78 -60.48
PARANA_AERO,07/AGO/2022,12Hs,12.0,105,24,0.0,-31.78 -60.48
PARANA_AERO,07/AGO/2022,15Hs,12.6,103,23,0.0,-31.78 -60.48
PARANA_AERO,07/AGO/2022,18Hs,11.2,108,20,0.0,-31.78 -60.48
PARANA_AERO,07/AGO/2022,21Hs,10.4,114,21,0.0,-31.78 -60.48
PARANA_AERO,08/AGO/2022,00Hs,10.0,110,20,0.0,-31.78 -60.48
PARANA_AERO,08/AGO/2022,03Hs,9.3,116,20,0.0,-31.78 -60.48
PARANA_AERO,08/AGO/2022,06Hs,8.4,123,19,0.2,-31.78 -60.48
PARANA_AERO,08/AGO/2022,09Hs,7.7,121,18,0.2,-31.78 -60.48
PARANA_AERO,08/AGO/2022,12Hs,7.2,126,20,2.5,-31.78 -60.48
PARANA_AERO,08/AGO/2022,15Hs,7.9,131,18,3.4,-31.78 -60.48
PARANA_AERO,08/AGO/2022,18Hs,8.1,127,23,1.1,-31.78 -60.48
PARANA_AERO,08/AGO/2022,21Hs,8.5,126,24,0.8,-31.78 -60.48
PARANA_AERO,09/AGO/2022,00Hs,8.4,144,21,1.6,-31.78 -60.48
PARANA_AERO,09/AGO/2022,03Hs,8.3,155,19,3.1,-31.78 -60.48
PARANA_AERO,09/AGO/2022,06Hs,7.9,154,20,0.6,-31.78 -60.48
PARANA_AERO,09/AGO/2022,09Hs,7.8,156,21,0.2,-31.78 -60.48
PARANA_AERO,09/AGO/2022,12Hs,8.3,143,22,0.4,-31.78 -60.48
PARANA_AERO,09/AGO/2022,15Hs,9.8,138,19,0.1,-31.78 -60.48
PARANA_AERO,09/AGO/2022,18Hs,10.4,140,12,0.2,-31.78 -60.48
PARANA_AERO,09/AGO/2022,21Hs,7.6,140,11,0.0,-31.78 -60.48
PASO_DE_INDIOS,05/AGO/2022,00Hs,-0.2,271,22,0.0,-43.7 -69.05
PASO_DE_INDIOS,05/AGO/2022,03Hs,-0.4,274,19,0.0,-43.7 -69.05
PASO_DE_INDIOS,05/AGO/2022,06Hs,-0.8,267,17,0.0,-43.7 -69.05
PASO_DE_INDIOS,05/AGO/2022,09Hs,-1.3,273,14,0.0,-43.7 -69.05
PASO_DE_INDIOS,05/AGO/2022,12Hs,2.7,249,15,0.0,-43.7 -69.05
PASO_DE_INDIOS,05/AGO/2022,15Hs,4.0,220,17,0.0,-43.7 -69.05
PASO_DE_INDIOS,05/AGO/2022,18Hs,2.7,201,12,0.0,-43.7 -69.05
PASO_DE_INDIOS,05/AGO/2022,21Hs,0.1,162,3,0.0,-43.7 -69.05
PASO_DE_INDIOS,06/AGO/2022,00Hs,-0.4,314,4,0.0,-43.7 -69.05
PASO_DE_INDIOS,06/AGO/2022,03Hs,-0.7,285,4,0.0,-43.7 -69.05
PASO_DE_INDIOS,06/AGO/2022,06Hs,-1.0,170,3,0.0,-43.7 -69.05
PASO_DE_INDIOS,06/AGO/2022,09Hs,-1.1,140,4,0.0,-43.7 -69.05
PASO_DE_INDIOS,06/AGO/2022,12Hs,0.6,120,7,0.0,-43.7 -69.05
PASO_DE_INDIOS,06/AGO/2022,15Hs,1.4,106,9,0.0,-43.7 -69.05
PASO_DE_INDIOS,06/AGO/2022,18Hs,0.9,111,13,0.0,-43.7 -69.05
PASO_DE_INDIOS,06/AGO/2022,21Hs,-0.3,115,10,0.1,-43.7 -69.05
PASO_DE_INDIOS,07/AGO/2022,00Hs,-0.2,115,7,0.2,-43.7 -69.05
PASO_DE_INDIOS,07/AGO/2022,03Hs,-0.4,122,7,0.4,-43.7 -69.05
PASO_DE_INDIOS,07/AGO/2022,06Hs,-0.0,93,13,0.9,-43.7 -69.05
PASO_DE_INDIOS,07/AGO/2022,09Hs,0.0,76,17,0.4,-43.7 -69.05
PASO_DE_INDIOS,07/AGO/2022,12Hs,0.5,66,23,0.1,-43.7 -69.05
PASO_DE_INDIOS,07/AGO/2022,15Hs,2.0,64,24,0.1,-43.7 -69.05
PASO_DE_INDIOS,07/AGO/2022,18Hs,1.6,67,25,0.0,-43.7 -69.05
PASO_DE_INDIOS,07/AGO/2022,21Hs,0.9,65,24,0.0,-43.7 -69.05
PASO_DE_INDIOS,08/AGO/2022,00Hs,0.4,65,22,0.0,-43.7 -69.05
PASO_DE_INDIOS,08/AGO/2022,03Hs,0.4,75,15,0.0,-43.7 -69.05
PASO_DE_INDIOS,08/AGO/2022,06Hs,-0.4,55,6,0.0,-43.7 -69.05
PASO_DE_INDIOS,08/AGO/2022,09Hs,-0.5,4,4,0.0,-43.7 -69.05
PASO_DE_INDIOS,08/AGO/2022,12Hs,3.2,327,13,0.0,-43.7 -69.05
PASO_DE_INDIOS,08/AGO/2022,15Hs,5.0,318,25,0.0,-43.7 -69.05
PASO_DE_INDIOS,08/AGO/2022,18Hs,3.9,301,16,0.0,-43.7 -69.05
PASO_DE_INDIOS,08/AGO/2022,21Hs,1.4,304,8,0.0,-43.7 -69.05
PASO_DE_INDIOS,09/AGO/2022,00Hs,1.5,309,20,0.0,-43.7 -69.05
PASO_DE_INDIOS,09/AGO/2022,03Hs,1.4,315,25,0.0,-43.7 -69.05
PASO_DE_INDIOS,09/AGO/2022,06Hs,1.3,313,22,0.0,-43.7 -69.05
PASO_DE_INDIOS,09/AGO/2022,09Hs,1.6,313,19,0.0,-43.7 -69.05
PASO_DE_INDIOS,09/AGO/2022,12Hs,4.9,311,24,0.0,-43.7 -69.05
PASO_DE_INDIOS,09/AGO/2022,15Hs,5.9,310,22,0.0,-43.7 -69.05
PASO_DE_INDIOS,09/AGO/2022,18Hs,5.4,288,9,0.0,-43.7 -69.05
PASO_DE_INDIOS,09/AGO/2022,21Hs,3.7,290,14,0.0,-43.7 -69.05
PASO_DE_LOS_LIBRES_AERO,05/AGO/2022,00Hs,7.1,206,11,0.0,-43.7 -69.05
PASO_DE_LOS_LIBRES_AERO,05/AGO/2022,03Hs,6.0,224,9,0.0,-43.7 -69.05
PASO_DE_LOS_LIBRES_AERO,05/AGO/2022,06Hs,5.2,186,11,0.0,-43.7 -69.05
PASO_DE_LOS_LIBRES_AERO,05/AGO/2022,09Hs,7.2,162,12,0.0,-43.7 -69.05
PASO_DE_LOS_LIBRES_AERO,05/AGO/2022,12Hs,12.7,148,12,0.0,-43.7 -69.05
PASO_DE_LOS_LIBRES_AERO,05/AGO/2022,15Hs,14.9,152,12,0.0,-43.7 -69.05
PASO_DE_LOS_LIBRES_AERO,05/AGO/2022,18Hs,11.4,142,11,0.0,-43.7 -69.05
PASO_DE_LOS_LIBRES_AERO,05/AGO/2022,21Hs,8.2,121,15,0.0,-43.7 -69.05
PASO_DE_LOS_LIBRES_AERO,06/AGO/2022,00Hs,6.4,90,14,0.0,-43.7 -69.05
PASO_DE_LOS_LIBRES_AERO,06/AGO/2022,03Hs,5.3,104,14,0.0,-43.7 -69.05
PASO_DE_LOS_LIBRES_AERO,06/AGO/2022,06Hs,4.8,116,15,0.0,-43.7 -69.05
PASO_DE_LOS_LIBRES_AERO,06/AGO/2022,09Hs,7.6,113,20,0.0,-43.7 -69.05
PASO_DE_LOS_LIBRES_AERO,06/AGO/2022,12Hs,13.2,89,20,0.0,-43.7 -69.05
PASO_DE_LOS_LIBRES_AERO,06/AGO/2022,15Hs,14.2,111,18,0.0,-43.7 -69.05
PASO_DE_LOS_LIBRES_AERO,06/AGO/2022,18Hs,11.9,110,19,0.0,-43.7 -69.05
PASO_DE_LOS_LIBRES_AERO,06/AGO/2022,21Hs,10.7,115,16,0.0,-43.7 -69.05
PASO_DE_LOS_LIBRES_AERO,07/AGO/2022,00Hs,8.2,122,16,0.0,-43.7 -69.05
PASO_DE_LOS_LIBRES_AERO,07/AGO/2022,03Hs,7.0,128,12,0.0,-43.7 -69.05
PASO_DE_LOS_LIBRES_AERO,07/AGO/2022,06Hs,6.4,127,12,0.0,-43.7 -69.05
PASO_DE_LOS_LIBRES_AERO,07/AGO/2022,09Hs,8.7,119,22,0.0,-43.7 -69.05
PASO_DE_LOS_LIBRES_AERO,07/AGO/2022,12Hs,14.7,121,22,0.0,-43.7 -69.05
PASO_DE_LOS_LIBRES_AERO,07/AGO/2022,15Hs,14.9,111,22,0.0,-43.7 -69.05
PASO_DE_LOS_LIBRES_AERO,07/AGO/2022,18Hs,12.1,129,15,0.0,-43.7 -69.05
PASO_DE_LOS_LIBRES_AERO,07/AGO/2022,21Hs,12.3,113,23,0.0,-43.7 -69.05
PASO_DE_LOS_LIBRES_AERO,08/AGO/2022,00Hs,11.7,109,21,0.0,-43.7 -69.05
PASO_DE_LOS_LIBRES_AERO,08/AGO/2022,03Hs,11.3,119,20,0.0,-43.7 -69.05
PASO_DE_LOS_LIBRES_AERO,08/AGO/2022,06Hs,10.9,126,20,0.0,-43.7 -69.05
PASO_DE_LOS_LIBRES_AERO,08/AGO/2022,09Hs,11.1,113,19,0.0,-43.7 -69.05
PASO_DE_LOS_LIBRES_AERO,08/AGO/2022,12Hs,12.9,107,21,0.0,-43.7 -69.05
PASO_DE_LOS_LIBRES_AERO,08/AGO/2022,15Hs,13.5,114,19,0.0,-43.7 -69.05
PASO_DE_LOS_LIBRES_AERO,08/AGO/2022,18Hs,12.3,138,15,0.0,-43.7 -69.05
PASO_DE_LOS_LIBRES_AERO,08/AGO/2022,21Hs,11.7,119,18,0.2,-43.7 -69.05
PASO_DE_LOS_LIBRES_AERO,09/AGO/2022,00Hs,11.3,126,17,0.0,-43.7 -69.05
PASO_DE_LOS_LIBRES_AERO,09/AGO/2022,03Hs,10.9,136,14,0.0,-43.7 -69.05
PASO_DE_LOS_LIBRES_AERO,09/AGO/2022,06Hs,10.7,146,14,0.0,-43.7 -69.05
PASO_DE_LOS_LIBRES_AERO,09/AGO/2022,09Hs,10.9,149,16,0.0,-43.7 -69.05
PASO_DE_LOS_LIBRES_AERO,09/AGO/2022,12Hs,10.7,167,18,0.3,-43.7 -69.05
PASO_DE_LOS_LIBRES_AERO,09/AGO/2022,15Hs,9.8,172,19,4.0,-43.7 -69.05
PASO_DE_LOS_LIBRES_AERO,09/AGO/2022,18Hs,9.7,160,25,1.3,-43.7 -69.05
PASO_DE_LOS_LIBRES_AERO,09/AGO/2022,21Hs,10.2,161,22,2.7,-43.7 -69.05
PCIA._ROQUE_SAENZ_PEÑA_AERO,05/AGO/2022,00Hs,10.9,151,8,0.0,None
PCIA._ROQUE_SAENZ_PEÑA_AERO,05/AGO/2022,03Hs,8.6,157,9,0.0,None
PCIA._ROQUE_SAENZ_PEÑA_AERO,05/AGO/2022,06Hs,6.7,124,7,0.0,None
PCIA._ROQUE_SAENZ_PEÑA_AERO,05/AGO/2022,09Hs,9.2,111,9,0.0,None
PCIA._ROQUE_SAENZ_PEÑA_AERO,05/AGO/2022,12Hs,17.6,101,9,0.0,None
PCIA._ROQUE_SAENZ_PEÑA_AERO,05/AGO/2022,15Hs,21.1,99,11,0.0,None
PCIA._ROQUE_SAENZ_PEÑA_AERO,05/AGO/2022,18Hs,18.2,104,11,0.0,None
PCIA._ROQUE_SAENZ_PEÑA_AERO,05/AGO/2022,21Hs,12.1,105,12,0.0,None
PCIA._ROQUE_SAENZ_PEÑA_AERO,06/AGO/2022,00Hs,9.9,107,11,0.0,None
PCIA._ROQUE_SAENZ_PEÑA_AERO,06/AGO/2022,03Hs,11.3,96,12,0.0,None
PCIA._ROQUE_SAENZ_PEÑA_AERO,06/AGO/2022,06Hs,11.3,114,9,0.0,None
PCIA._ROQUE_SAENZ_PEÑA_AERO,06/AGO/2022,09Hs,11.9,101,9,0.0,None
PCIA._ROQUE_SAENZ_PEÑA_AERO,06/AGO/2022,12Hs,18.8,85,8,0.0,None
PCIA._ROQUE_SAENZ_PEÑA_AERO,06/AGO/2022,15Hs,20.8,100,10,0.0,None
PCIA._ROQUE_SAENZ_PEÑA_AERO,06/AGO/2022,18Hs,18.7,114,13,0.0,None
PCIA._ROQUE_SAENZ_PEÑA_AERO,06/AGO/2022,21Hs,12.1,144,9,0.0,None
PCIA._ROQUE_SAENZ_PEÑA_AERO,07/AGO/2022,00Hs,9.7,134,10,0.0,None
PCIA._ROQUE_SAENZ_PEÑA_AERO,07/AGO/2022,03Hs,8.3,130,8,0.0,None
PCIA._ROQUE_SAENZ_PEÑA_AERO,07/AGO/2022,06Hs,7.7,141,7,0.0,None
PCIA._ROQUE_SAENZ_PEÑA_AERO,07/AGO/2022,09Hs,10.2,150,10,0.0,None
PCIA._ROQUE_SAENZ_PEÑA_AERO,07/AGO/2022,12Hs,18.1,146,10,0.0,None
PCIA._ROQUE_SAENZ_PEÑA_AERO,07/AGO/2022,15Hs,21.5,156,10,0.0,None
PCIA._ROQUE_SAENZ_PEÑA_AERO,07/AGO/2022,18Hs,19.3,149,11,0.0,None
PCIA._ROQUE_SAENZ_PEÑA_AERO,07/AGO/2022,21Hs,13.2,142,9,0.0,None
PCIA._ROQUE_SAENZ_PEÑA_AERO,08/AGO/2022,00Hs,11.8,135,10,0.0,None
PCIA._ROQUE_SAENZ_PEÑA_AERO,08/AGO/2022,03Hs,12.5,128,10,0.0,None
PCIA._ROQUE_SAENZ_PEÑA_AERO,08/AGO/2022,06Hs,12.0,148,11,0.0,None
PCIA._ROQUE_SAENZ_PEÑA_AERO,08/AGO/2022,09Hs,12.4,153,10,0.0,None
PCIA._ROQUE_SAENZ_PEÑA_AERO,08/AGO/2022,12Hs,16.0,181,15,0.0,None
PCIA._ROQUE_SAENZ_PEÑA_AERO,08/AGO/2022,15Hs,15.0,201,14,0.0,None
PCIA._ROQUE_SAENZ_PEÑA_AERO,08/AGO/2022,18Hs,14.3,197,13,0.0,None
PCIA._ROQUE_SAENZ_PEÑA_AERO,08/AGO/2022,21Hs,12.8,210,11,0.0,None
PCIA._ROQUE_SAENZ_PEÑA_AERO,09/AGO/2022,00Hs,13.2,214,12,0.0,None
PCIA._ROQUE_SAENZ_PEÑA_AERO,09/AGO/2022,03Hs,12.2,203,14,0.0,None
PCIA._ROQUE_SAENZ_PEÑA_AERO,09/AGO/2022,06Hs,10.2,208,21,0.0,None
PCIA._ROQUE_SAENZ_PEÑA_AERO,09/AGO/2022,09Hs,9.9,211,19,0.0,None
PCIA._ROQUE_SAENZ_PEÑA_AERO,09/AGO/2022,12Hs,13.5,215,22,0.0,None
PCIA._ROQUE_SAENZ_PEÑA_AERO,09/AGO/2022,15Hs,12.3,223,18,0.0,None
PCIA._ROQUE_SAENZ_PEÑA_AERO,09/AGO/2022,18Hs,12.1,215,19,0.1,None
PCIA._ROQUE_SAENZ_PEÑA_AERO,09/AGO/2022,21Hs,8.9,212,14,0.0,None
PEHUAJO_AERO,05/AGO/2022,00Hs,7.2,200,8,0.0,-35.83 -61.87
PEHUAJO_AERO,05/AGO/2022,03Hs,6.1,192,5,0.0,-35.83 -61.87
PEHUAJO_AERO,05/AGO/2022,06Hs,5.0,167,2,0.0,-35.83 -61.87
PEHUAJO_AERO,05/AGO/2022,09Hs,6.8,42,4,0.0,-35.83 -61.87
PEHUAJO_AERO,05/AGO/2022,12Hs,14.4,2,9,0.0,-35.83 -61.87
PEHUAJO_AERO,05/AGO/2022,15Hs,17.3,350,9,0.0,-35.83 -61.87
PEHUAJO_AERO,05/AGO/2022,18Hs,14.3,61,9,0.0,-35.83 -61.87
PEHUAJO_AERO,05/AGO/2022,21Hs,10.1,67,13,0.0,-35.83 -61.87
PEHUAJO_AERO,06/AGO/2022,00Hs,8.2,60,13,0.0,-35.83 -61.87
PEHUAJO_AERO,06/AGO/2022,03Hs,6.5,32,12,0.0,-35.83 -61.87
PEHUAJO_AERO,06/AGO/2022,06Hs,4.5,118,11,0.0,-35.83 -61.87
PEHUAJO_AERO,06/AGO/2022,09Hs,5.5,97,13,0.0,-35.83 -61.87
PEHUAJO_AERO,06/AGO/2022,12Hs,12.2,81,15,0.0,-35.83 -61.87
PEHUAJO_AERO,06/AGO/2022,15Hs,15.0,81,16,0.0,-35.83 -61.87
PEHUAJO_AERO,06/AGO/2022,18Hs,12.4,115,18,0.0,-35.83 -61.87
PEHUAJO_AERO,06/AGO/2022,21Hs,9.8,111,21,0.0,-35.83 -61.87
PEHUAJO_AERO,07/AGO/2022,00Hs,8.1,110,20,0.0,-35.83 -61.87
PEHUAJO_AERO,07/AGO/2022,03Hs,7.0,111,20,0.0,-35.83 -61.87
PEHUAJO_AERO,07/AGO/2022,06Hs,5.9,102,18,0.0,-35.83 -61.87
PEHUAJO_AERO,07/AGO/2022,09Hs,5.8,105,18,0.0,-35.83 -61.87
PEHUAJO_AERO,07/AGO/2022,12Hs,11.0,91,23,0.0,-35.83 -61.87
PEHUAJO_AERO,07/AGO/2022,15Hs,13.3,96,22,0.0,-35.83 -61.87
PEHUAJO_AERO,07/AGO/2022,18Hs,11.2,109,22,0.0,-35.83 -61.87
PEHUAJO_AERO,07/AGO/2022,21Hs,8.3,105,18,0.0,-35.83 -61.87
PEHUAJO_AERO,08/AGO/2022,00Hs,6.6,113,14,0.0,-35.83 -61.87
PEHUAJO_AERO,08/AGO/2022,03Hs,5.4,114,14,0.0,-35.83 -61.87
PEHUAJO_AERO,08/AGO/2022,06Hs,3.9,114,14,0.0,-35.83 -61.87
PEHUAJO_AERO,08/AGO/2022,09Hs,4.3,122,16,0.0,-35.83 -61.87
PEHUAJO_AERO,08/AGO/2022,12Hs,9.8,107,19,0.0,-35.83 -61.87
PEHUAJO_AERO,08/AGO/2022,15Hs,12.2,112,17,0.0,-35.83 -61.87
PEHUAJO_AERO,08/AGO/2022,18Hs,10.4,127,15,0.0,-35.83 -61.87
PEHUAJO_AERO,08/AGO/2022,21Hs,5.9,128,12,0.0,-35.83 -61.87
PEHUAJO_AERO,09/AGO/2022,00Hs,4.8,116,11,0.0,-35.83 -61.87
PEHUAJO_AERO,09/AGO/2022,03Hs,4.0,109,10,0.0,-35.83 -61.87
PEHUAJO_AERO,09/AGO/2022,06Hs,3.0,129,9,0.0,-35.83 -61.87
PEHUAJO_AERO,09/AGO/2022,09Hs,4.3,95,9,0.0,-35.83 -61.87
PEHUAJO_AERO,09/AGO/2022,12Hs,12.0,78,13,0.0,-35.83 -61.87
PEHUAJO_AERO,09/AGO/2022,15Hs,14.5,56,10,0.0,-35.83 -61.87
PEHUAJO_AERO,09/AGO/2022,18Hs,12.2,53,8,0.0,-35.83 -61.87
PEHUAJO_AERO,09/AGO/2022,21Hs,7.8,52,13,0.0,-35.83 -61.87
PERITO_MORENO_AERO,05/AGO/2022,00Hs,-1.3,287,18,0.0,-46.53 -70.98
PERITO_MORENO_AERO,05/AGO/2022,03Hs,-1.6,302,16,0.0,-46.53 -70.98
PERITO_MORENO_AERO,05/AGO/2022,06Hs,-1.9,305,11,0.0,-46.53 -70.98
PERITO_MORENO_AERO,05/AGO/2022,09Hs,-2.4,315,9,0.0,-46.53 -70.98
PERITO_MORENO_AERO,05/AGO/2022,12Hs,1.0,290,8,0.0,-46.53 -70.98
PERITO_MORENO_AERO,05/AGO/2022,15Hs,2.4,281,5,0.0,-46.53 -70.98
PERITO_MORENO_AERO,05/AGO/2022,18Hs,0.6,260,6,0.0,-46.53 -70.98
PERITO_MORENO_AERO,05/AGO/2022,21Hs,-2.2,245,2,0.0,-46.53 -70.98
PERITO_MORENO_AERO,06/AGO/2022,00Hs,-2.4,153,2,0.0,-46.53 -70.98
PERITO_MORENO_AERO,06/AGO/2022,03Hs,-2.3,107,4,0.0,-46.53 -70.98
PERITO_MORENO_AERO,06/AGO/2022,06Hs,-2.1,114,5,0.0,-46.53 -70.98
PERITO_MORENO_AERO,06/AGO/2022,09Hs,-2.2,102,5,0.0,-46.53 -70.98
PERITO_MORENO_AERO,06/AGO/2022,12Hs,1.0,97,9,0.0,-46.53 -70.98
PERITO_MORENO_AERO,06/AGO/2022,15Hs,2.7,105,9,0.0,-46.53 -70.98
PERITO_MORENO_AERO,06/AGO/2022,18Hs,1.0,65,15,0.0,-46.53 -70.98
PERITO_MORENO_AERO,06/AGO/2022,21Hs,-0.4,82,12,0.0,-46.53 -70.98
PERITO_MORENO_AERO,07/AGO/2022,00Hs,-1.6,96,11,0.0,-46.53 -70.98
PERITO_MORENO_AERO,07/AGO/2022,03Hs,-2.0,96,11,0.0,-46.53 -70.98
PERITO_MORENO_AERO,07/AGO/2022,06Hs,-2.0,101,12,0.0,-46.53 -70.98
PERITO_MORENO_AERO,07/AGO/2022,09Hs,-1.6,105,12,0.1,-46.53 -70.98
PERITO_MORENO_AERO,07/AGO/2022,12Hs,0.3,81,15,0.4,-46.53 -70.98
PERITO_MORENO_AERO,07/AGO/2022,15Hs,1.9,52,13,0.4,-46.53 -70.98
PERITO_MORENO_AERO,07/AGO/2022,18Hs,0.9,57,14,0.4,-46.53 -70.98
PERITO_MORENO_AERO,07/AGO/2022,21Hs,-0.3,84,10,0.5,-46.53 -70.98
PERITO_MORENO_AERO,08/AGO/2022,00Hs,-0.6,101,9,0.6,-46.53 -70.98
PERITO_MORENO_AERO,08/AGO/2022,03Hs,-1.2,73,8,0.2,-46.53 -70.98
PERITO_MORENO_AERO,08/AGO/2022,06Hs,-3.3,263,5,0.0,-46.53 -70.98
PERITO_MORENO_AERO,08/AGO/2022,09Hs,-3.2,326,1,0.0,-46.53 -70.98
PERITO_MORENO_AERO,08/AGO/2022,12Hs,0.1,285,6,0.0,-46.53 -70.98
PERITO_MORENO_AERO,08/AGO/2022,15Hs,1.5,277,10,0.0,-46.53 -70.98
PERITO_MORENO_AERO,08/AGO/2022,18Hs,-0.2,226,2,0.0,-46.53 -70.98
PERITO_MORENO_AERO,08/AGO/2022,21Hs,-1.6,282,4,0.0,-46.53 -70.98
PERITO_MORENO_AERO,09/AGO/2022,00Hs,-0.6,303,13,0.0,-46.53 -70.98
PERITO_MORENO_AERO,09/AGO/2022,03Hs,0.5,286,21,0.0,-46.53 -70.98
PERITO_MORENO_AERO,09/AGO/2022,06Hs,-0.3,292,10,0.0,-46.53 -70.98
PERITO_MORENO_AERO,09/AGO/2022,09Hs,-0.8,342,7,0.0,-46.53 -70.98
PERITO_MORENO_AERO,09/AGO/2022,12Hs,3.7,236,8,0.0,-46.53 -70.98
PERITO_MORENO_AERO,09/AGO/2022,15Hs,5.5,278,16,0.0,-46.53 -70.98
PERITO_MORENO_AERO,09/AGO/2022,18Hs,4.4,286,24,0.0,-46.53 -70.98
PERITO_MORENO_AERO,09/AGO/2022,21Hs,1.1,332,10,0.0,-46.53 -70.98
PIGUE_AERO,05/AGO/2022,00Hs,3.8,256,2,0.0,-37.6 -62.38
PIGUE_AERO,05/AGO/2022,03Hs,3.1,26,3,0.0,-37.6 -62.38
PIGUE_AERO,05/AGO/2022,06Hs,3.3,357,6,0.0,-37.6 -62.38
PIGUE_AERO,05/AGO/2022,09Hs,5.4,320,7,0.0,-37.6 -62.38
PIGUE_AERO,05/AGO/2022,12Hs,10.4,279,12,0.0,-37.6 -62.38
PIGUE_AERO,05/AGO/2022,15Hs,11.8,228,14,0.0,-37.6 -62.38
PIGUE_AERO,05/AGO/2022,18Hs,8.3,171,16,0.0,-37.6 -62.38
PIGUE_AERO,05/AGO/2022,21Hs,6.7,154,15,0.0,-37.6 -62.38
PIGUE_AERO,06/AGO/2022,00Hs,5.3,152,18,0.0,-37.6 -62.38
PIGUE_AERO,06/AGO/2022,03Hs,4.3,166,20,0.9,-37.6 -62.38
PIGUE_AERO,06/AGO/2022,06Hs,3.3,152,15,0.5,-37.6 -62.38
PIGUE_AERO,06/AGO/2022,09Hs,3.3,134,17,1.5,-37.6 -62.38
PIGUE_AERO,06/AGO/2022,12Hs,6.8,114,13,0.0,-37.6 -62.38
PIGUE_AERO,06/AGO/2022,15Hs,8.4,112,10,0.0,-37.6 -62.38
PIGUE_AERO,06/AGO/2022,18Hs,6.9,127,14,0.0,-37.6 -62.38
PIGUE_AERO,06/AGO/2022,21Hs,5.1,126,8,0.2,-37.6 -62.38
PIGUE_AERO,07/AGO/2022,00Hs,4.6,119,9,0.1,-37.6 -62.38
PIGUE_AERO,07/AGO/2022,03Hs,4.3,111,11,0.2,-37.6 -62.38
PIGUE_AERO,07/AGO/2022,06Hs,3.6,108,8,0.0,-37.6 -62.38
PIGUE_AERO,07/AGO/2022,09Hs,4.2,115,8,0.1,-37.6 -62.38
PIGUE_AERO,07/AGO/2022,12Hs,5.1,93,13,0.0,-37.6 -62.38
PIGUE_AERO,07/AGO/2022,15Hs,6.7,119,10,0.0,-37.6 -62.38
PIGUE_AERO,07/AGO/2022,18Hs,6.5,109,10,0.0,-37.6 -62.38
PIGUE_AERO,07/AGO/2022,21Hs,5.4,112,13,0.0,-37.6 -62.38
PIGUE_AERO,08/AGO/2022,00Hs,3.5,96,8,0.0,-37.6 -62.38
PIGUE_AERO,08/AGO/2022,03Hs,2.8,100,8,0.0,-37.6 -62.38
PIGUE_AERO,08/AGO/2022,06Hs,1.8,97,6,0.0,-37.6 -62.38
PIGUE_AERO,08/AGO/2022,09Hs,2.8,95,4,0.0,-37.6 -62.38
PIGUE_AERO,08/AGO/2022,12Hs,7.7,102,0,0.0,-37.6 -62.38
PIGUE_AERO,08/AGO/2022,15Hs,8.7,218,5,0.0,-37.6 -62.38
PIGUE_AERO,08/AGO/2022,18Hs,7.7,198,4,0.0,-37.6 -62.38
PIGUE_AERO,08/AGO/2022,21Hs,7.0,234,2,0.0,-37.6 -62.38
PIGUE_AERO,09/AGO/2022,00Hs,6.2,231,1,0.0,-37.6 -62.38
PIGUE_AERO,09/AGO/2022,03Hs,6.0,341,4,0.0,-37.6 -62.38
PIGUE_AERO,09/AGO/2022,06Hs,5.6,347,2,0.0,-37.6 -62.38
PIGUE_AERO,09/AGO/2022,09Hs,5.4,26,12,0.0,-37.6 -62.38
PIGUE_AERO,09/AGO/2022,12Hs,9.7,9,15,0.0,-37.6 -62.38
PIGUE_AERO,09/AGO/2022,15Hs,11.8,1,20,0.0,-37.6 -62.38
PIGUE_AERO,09/AGO/2022,18Hs,9.7,360,16,0.0,-37.6 -62.38
PIGUE_AERO,09/AGO/2022,21Hs,5.6,22,14,0.0,-37.6 -62.38
PILAR_OBS,05/AGO/2022,00Hs,9.8,12,10,0.0,-31.67 -63.88
PILAR_OBS,05/AGO/2022,03Hs,9.0,12,11,0.0,-31.67 -63.88
PILAR_OBS,05/AGO/2022,06Hs,7.8,17,10,0.0,-31.67 -63.88
PILAR_OBS,05/AGO/2022,09Hs,8.3,18,10,0.0,-31.67 -63.88
PILAR_OBS,05/AGO/2022,12Hs,15.6,21,20,0.0,-31.67 -63.88
PILAR_OBS,05/AGO/2022,15Hs,18.0,29,25,0.0,-31.67 -63.88
PILAR_OBS,05/AGO/2022,18Hs,15.6,36,22,0.0,-31.67 -63.88
PILAR_OBS,05/AGO/2022,21Hs,10.7,35,15,0.0,-31.67 -63.88
PILAR_OBS,06/AGO/2022,00Hs,8.1,17,10,0.0,-31.67 -63.88
PILAR_OBS,06/AGO/2022,03Hs,6.7,21,7,0.0,-31.67 -63.88
PILAR_OBS,06/AGO/2022,06Hs,5.6,35,9,0.0,-31.67 -63.88
PILAR_OBS,06/AGO/2022,09Hs,6.3,27,8,0.0,-31.67 -63.88
PILAR_OBS,06/AGO/2022,12Hs,12.9,25,13,0.0,-31.67 -63.88
PILAR_OBS,06/AGO/2022,15Hs,13.5,43,16,0.0,-31.67 -63.88
PILAR_OBS,06/AGO/2022,18Hs,12.8,53,11,0.0,-31.67 -63.88
PILAR_OBS,06/AGO/2022,21Hs,11.4,321,4,0.0,-31.67 -63.88
PILAR_OBS,07/AGO/2022,00Hs,11.1,194,1,0.0,-31.67 -63.88
PILAR_OBS,07/AGO/2022,03Hs,10.2,92,6,0.0,-31.67 -63.88
PILAR_OBS,07/AGO/2022,06Hs,9.2,97,8,0.0,-31.67 -63.88
PILAR_OBS,07/AGO/2022,09Hs,7.6,100,7,0.0,-31.67 -63.88
PILAR_OBS,07/AGO/2022,12Hs,12.3,117,11,0.0,-31.67 -63.88
PILAR_OBS,07/AGO/2022,15Hs,14.1,104,12,0.0,-31.67 -63.88
PILAR_OBS,07/AGO/2022,18Hs,13.5,111,15,0.0,-31.67 -63.88
PILAR_OBS,07/AGO/2022,21Hs,11.4,104,11,0.0,-31.67 -63.88
PILAR_OBS,08/AGO/2022,00Hs,8.7,88,12,0.0,-31.67 -63.88
PILAR_OBS,08/AGO/2022,03Hs,8.2,68,6,0.2,-31.67 -63.88
PILAR_OBS,08/AGO/2022,06Hs,7.7,122,3,1.1,-31.67 -63.88
PILAR_OBS,08/AGO/2022,09Hs,8.1,172,7,0.7,-31.67 -63.88
PILAR_OBS,08/AGO/2022,12Hs,8.1,150,12,0.6,-31.67 -63.88
PILAR_OBS,08/AGO/2022,15Hs,8.0,150,15,0.2,-31.67 -63.88
PILAR_OBS,08/AGO/2022,18Hs,7.0,167,18,0.2,-31.67 -63.88
PILAR_OBS,08/AGO/2022,21Hs,6.4,189,17,0.2,-31.67 -63.88
PILAR_OBS,09/AGO/2022,00Hs,6.1,197,16,1.5,-31.67 -63.88
PILAR_OBS,09/AGO/2022,03Hs,5.8,227,16,1.1,-31.67 -63.88
PILAR_OBS,09/AGO/2022,06Hs,6.9,203,16,0.1,-31.67 -63.88
PILAR_OBS,09/AGO/2022,09Hs,7.3,200,15,0.0,-31.67 -63.88
PILAR_OBS,09/AGO/2022,12Hs,10.2,182,14,0.0,-31.67 -63.88
PILAR_OBS,09/AGO/2022,15Hs,11.7,145,10,0.0,-31.67 -63.88
PILAR_OBS,09/AGO/2022,18Hs,11.3,145,5,0.0,-31.67 -63.88
PILAR_OBS,09/AGO/2022,21Hs,7.4,63,10,0.0,-31.67 -63.88
POSADAS_AERO,05/AGO/2022,00Hs,12.3,222,6,0.0,-27.38 -55.97
POSADAS_AERO,05/AGO/2022,03Hs,11.8,200,7,0.0,-27.38 -55.97
POSADAS_AERO,05/AGO/2022,06Hs,8.7,203,4,0.0,-27.38 -55.97
POSADAS_AERO,05/AGO/2022,09Hs,11.1,138,5,0.0,-27.38 -55.97
POSADAS_AERO,05/AGO/2022,12Hs,18.7,172,5,0.0,-27.38 -55.97
POSADAS_AERO,05/AGO/2022,15Hs,21.3,203,6,0.0,-27.38 -55.97
POSADAS_AERO,05/AGO/2022,18Hs,15.0,195,6,0.0,-27.38 -55.97
POSADAS_AERO,05/AGO/2022,21Hs,11.1,148,7,0.0,-27.38 -55.97
POSADAS_AERO,06/AGO/2022,00Hs,8.4,137,4,0.0,-27.38 -55.97
POSADAS_AERO,06/AGO/2022,03Hs,7.5,135,3,0.0,-27.38 -55.97
POSADAS_AERO,06/AGO/2022,06Hs,10.1,124,2,0.0,-27.38 -55.97
POSADAS_AERO,06/AGO/2022,09Hs,12.6,49,3,0.0,-27.38 -55.97
POSADAS_AERO,06/AGO/2022,12Hs,12.0,9,7,0.4,-27.38 -55.97
POSADAS_AERO,06/AGO/2022,15Hs,11.4,121,5,11.6,-27.38 -55.97
POSADAS_AERO,06/AGO/2022,18Hs,11.8,201,5,6.2,-27.38 -55.97
POSADAS_AERO,06/AGO/2022,21Hs,11.8,105,4,0.6,-27.38 -55.97
POSADAS_AERO,07/AGO/2022,00Hs,11.1,103,3,0.0,-27.38 -55.97
POSADAS_AERO,07/AGO/2022,03Hs,10.1,182,3,0.0,-27.38 -55.97
POSADAS_AERO,07/AGO/2022,06Hs,10.4,157,3,0.0,-27.38 -55.97
POSADAS_AERO,07/AGO/2022,09Hs,12.4,122,5,0.0,-27.38 -55.97
POSADAS_AERO,07/AGO/2022,12Hs,18.3,79,4,0.0,-27.38 -55.97
POSADAS_AERO,07/AGO/2022,15Hs,17.3,225,6,0.0,-27.38 -55.97
POSADAS_AERO,07/AGO/2022,18Hs,15.1,201,5,0.0,-27.38 -55.97
POSADAS_AERO,07/AGO/2022,21Hs,14.2,160,4,0.0,-27.38 -55.97
POSADAS_AERO,08/AGO/2022,00Hs,12.4,160,4,0.0,-27.38 -55.97
POSADAS_AERO,08/AGO/2022,03Hs,12.5,179,4,0.0,-27.38 -55.97
POSADAS_AERO,08/AGO/2022,06Hs,10.9,155,4,0.0,-27.38 -55.97
POSADAS_AERO,08/AGO/2022,09Hs,13.4,146,6,0.0,-27.38 -55.97
POSADAS_AERO,08/AGO/2022,12Hs,20.3,146,6,0.0,-27.38 -55.97
POSADAS_AERO,08/AGO/2022,15Hs,22.4,196,5,0.0,-27.38 -55.97
POSADAS_AERO,08/AGO/2022,18Hs,16.9,190,8,0.0,-27.38 -55.97
POSADAS_AERO,08/AGO/2022,21Hs,14.8,192,6,0.0,-27.38 -55.97
POSADAS_AERO,09/AGO/2022,00Hs,11.4,189,5,0.0,-27.38 -55.97
POSADAS_AERO,09/AGO/2022,03Hs,10.3,206,4,0.0,-27.38 -55.97
POSADAS_AERO,09/AGO/2022,06Hs,9.9,190,5,0.0,-27.38 -55.97
POSADAS_AERO,09/AGO/2022,09Hs,12.3,205,8,0.0,-27.38 -55.97
POSADAS_AERO,09/AGO/2022,12Hs,13.3,254,8,0.0,-27.38 -55.97
POSADAS_AERO,09/AGO/2022,15Hs,13.0,238,9,0.1,-27.38 -55.97
POSADAS_AERO,09/AGO/2022,18Hs,11.5,246,9,0.2,-27.38 -55.97
POSADAS_AERO,09/AGO/2022,21Hs,10.7,264,7,0.2,-27.38 -55.97
PUERTO_DESEADO_AERO,05/AGO/2022,00Hs,1.6,228,40,1.2,-42.75 -65.1
PUERTO_DESEADO_AERO,05/AGO/2022,03Hs,2.8,211,38,1.1,-42.75 -65.1
PUERTO_DESEADO_AERO,05/AGO/2022,06Hs,2.6,208,35,0.8,-42.75 -65.1
PUERTO_DESEADO_AERO,05/AGO/2022,09Hs,2.6,207,35,0.8,-42.75 -65.1
PUERTO_DESEADO_AERO,05/AGO/2022,12Hs,2.8,207,33,0.9,-42.75 -65.1
PUERTO_DESEADO_AERO,05/AGO/2022,15Hs,3.0,207,32,0.3,-42.75 -65.1
PUERTO_DESEADO_AERO,05/AGO/2022,18Hs,3.1,205,32,0.0,-42.75 -65.1
PUERTO_DESEADO_AERO,05/AGO/2022,21Hs,3.1,200,26,0.0,-42.75 -65.1
PUERTO_DESEADO_AERO,06/AGO/2022,00Hs,3.3,195,24,0.2,-42.75 -65.1
PUERTO_DESEADO_AERO,06/AGO/2022,03Hs,3.1,188,21,0.6,-42.75 -65.1
PUERTO_DESEADO_AERO,06/AGO/2022,06Hs,2.8,185,13,0.7,-42.75 -65.1
PUERTO_DESEADO_AERO,06/AGO/2022,09Hs,1.4,189,12,0.0,-42.75 -65.1
PUERTO_DESEADO_AERO,06/AGO/2022,12Hs,4.5,136,11,0.0,-42.75 -65.1
PUERTO_DESEADO_AERO,06/AGO/2022,15Hs,5.3,103,13,0.0,-42.75 -65.1
PUERTO_DESEADO_AERO,06/AGO/2022,18Hs,4.0,106,14,0.0,-42.75 -65.1
PUERTO_DESEADO_AERO,06/AGO/2022,21Hs,2.2,104,11,0.0,-42.75 -65.1
PUERTO_DESEADO_AERO,07/AGO/2022,00Hs,0.7,91,5,0.0,-42.75 -65.1
PUERTO_DESEADO_AERO,07/AGO/2022,03Hs,0.1,161,3,0.0,-42.75 -65.1
PUERTO_DESEADO_AERO,07/AGO/2022,06Hs,-0.1,65,2,0.0,-42.75 -65.1
PUERTO_DESEADO_AERO,07/AGO/2022,09Hs,0.1,58,9,0.0,-42.75 -65.1
PUERTO_DESEADO_AERO,07/AGO/2022,12Hs,2.5,50,13,0.0,-42.75 -65.1
PUERTO_DESEADO_AERO,07/AGO/2022,15Hs,3.5,47,13,0.1,-42.75 -65.1
PUERTO_DESEADO_AERO,07/AGO/2022,18Hs,2.4,42,15,0.0,-42.75 -65.1
PUERTO_DESEADO_AERO,07/AGO/2022,21Hs,1.3,25,13,0.0,-42.75 -65.1
PUERTO_DESEADO_AERO,08/AGO/2022,00Hs,1.1,19,15,0.0,-42.75 -65.1
PUERTO_DESEADO_AERO,08/AGO/2022,03Hs,1.0,17,14,0.0,-42.75 -65.1
PUERTO_DESEADO_AERO,08/AGO/2022,06Hs,1.0,18,16,0.0,-42.75 -65.1
PUERTO_DESEADO_AERO,08/AGO/2022,09Hs,1.3,11,18,0.0,-42.75 -65.1
PUERTO_DESEADO_AERO,08/AGO/2022,12Hs,3.7,357,32,0.0,-42.75 -65.1
PUERTO_DESEADO_AERO,08/AGO/2022,15Hs,3.2,356,29,0.0,-42.75 -65.1
PUERTO_DESEADO_AERO,08/AGO/2022,18Hs,3.8,349,29,0.0,-42.75 -65.1
PUERTO_DESEADO_AERO,08/AGO/2022,21Hs,3.2,358,27,0.0,-42.75 -65.1
PUERTO_DESEADO_AERO,09/AGO/2022,00Hs,3.2,348,32,0.0,-42.75 -65.1
PUERTO_DESEADO_AERO,09/AGO/2022,03Hs,3.8,348,37,0.0,-42.75 -65.1
PUERTO_DESEADO_AERO,09/AGO/2022,06Hs,4.2,335,38,0.0,-42.75 -65.1
PUERTO_DESEADO_AERO,09/AGO/2022,09Hs,4.4,327,38,0.0,-42.75 -65.1
PUERTO_DESEADO_AERO,09/AGO/2022,12Hs,6.8,315,42,0.0,-42.75 -65.1
PUERTO_DESEADO_AERO,09/AGO/2022,15Hs,9.1,305,32,0.0,-42.75 -65.1
PUERTO_DESEADO_AERO,09/AGO/2022,18Hs,7.7,269,11,0.0,-42.75 -65.1
PUERTO_DESEADO_AERO,09/AGO/2022,21Hs,4.8,206,14,0.1,-42.75 -65.1
PUERTO_MADRYN_AERO,05/AGO/2022,00Hs,3.2,267,17,0.0,-42.75 -65.1
PUERTO_MADRYN_AERO,05/AGO/2022,03Hs,3.2,253,25,0.0,-42.75 -65.1
PUERTO_MADRYN_AERO,05/AGO/2022,06Hs,1.9,243,26,0.0,-42.75 -65.1
PUERTO_MADRYN_AERO,05/AGO/2022,09Hs,1.1,245,24,0.0,-42.75 -65.1
PUERTO_MADRYN_AERO,05/AGO/2022,12Hs,5.3,227,34,0.0,-42.75 -65.1
PUERTO_MADRYN_AERO,05/AGO/2022,15Hs,7.1,217,34,0.0,-42.75 -65.1
PUERTO_MADRYN_AERO,05/AGO/2022,18Hs,6.0,206,28,0.0,-42.75 -65.1
PUERTO_MADRYN_AERO,05/AGO/2022,21Hs,5.1,210,24,0.0,-42.75 -65.1
PUERTO_MADRYN_AERO,06/AGO/2022,00Hs,4.8,211,20,0.0,-42.75 -65.1
PUERTO_MADRYN_AERO,06/AGO/2022,03Hs,4.0,202,17,0.0,-42.75 -65.1
PUERTO_MADRYN_AERO,06/AGO/2022,06Hs,3.3,215,19,0.0,-42.75 -65.1
PUERTO_MADRYN_AERO,06/AGO/2022,09Hs,3.2,217,21,0.0,-42.75 -65.1
PUERTO_MADRYN_AERO,06/AGO/2022,12Hs,4.5,199,24,0.0,-42.75 -65.1
PUERTO_MADRYN_AERO,06/AGO/2022,15Hs,6.1,183,17,0.2,-42.75 -65.1
PUERTO_MADRYN_AERO,06/AGO/2022,18Hs,5.9,130,14,0.5,-42.75 -65.1
PUERTO_MADRYN_AERO,06/AGO/2022,21Hs,3.9,131,13,0.2,-42.75 -65.1
PUERTO_MADRYN_AERO,07/AGO/2022,00Hs,3.1,132,13,0.0,-42.75 -65.1
PUERTO_MADRYN_AERO,07/AGO/2022,03Hs,3.5,122,12,0.0,-42.75 -65.1
PUERTO_MADRYN_AERO,07/AGO/2022,06Hs,3.4,118,10,0.0,-42.75 -65.1
PUERTO_MADRYN_AERO,07/AGO/2022,09Hs,3.4,131,10,0.0,-42.75 -65.1
PUERTO_MADRYN_AERO,07/AGO/2022,12Hs,5.1,110,18,0.0,-42.75 -65.1
PUERTO_MADRYN_AERO,07/AGO/2022,15Hs,5.5,105,18,0.1,-42.75 -65.1
PUERTO_MADRYN_AERO,07/AGO/2022,18Hs,4.9,101,17,0.0,-42.75 -65.1
PUERTO_MADRYN_AERO,07/AGO/2022,21Hs,4.2,86,17,0.0,-42.75 -65.1
PUERTO_MADRYN_AERO,08/AGO/2022,00Hs,3.8,71,11,0.0,-42.75 -65.1
PUERTO_MADRYN_AERO,08/AGO/2022,03Hs,3.5,73,10,0.0,-42.75 -65.1
PUERTO_MADRYN_AERO,08/AGO/2022,06Hs,3.0,60,8,0.0,-42.75 -65.1
PUERTO_MADRYN_AERO,08/AGO/2022,09Hs,3.0,36,9,0.0,-42.75 -65.1
PUERTO_MADRYN_AERO,08/AGO/2022,12Hs,6.3,13,16,0.0,-42.75 -65.1
PUERTO_MADRYN_AERO,08/AGO/2022,15Hs,8.8,348,21,0.0,-42.75 -65.1
PUERTO_MADRYN_AERO,08/AGO/2022,18Hs,8.3,345,21,0.0,-42.75 -65.1
PUERTO_MADRYN_AERO,08/AGO/2022,21Hs,5.5,341,24,0.0,-42.75 -65.1
PUERTO_MADRYN_AERO,09/AGO/2022,00Hs,4.4,349,27,0.0,-42.75 -65.1
PUERTO_MADRYN_AERO,09/AGO/2022,03Hs,4.1,355,27,0.0,-42.75 -65.1
PUERTO_MADRYN_AERO,09/AGO/2022,06Hs,4.0,341,27,0.0,-42.75 -65.1
PUERTO_MADRYN_AERO,09/AGO/2022,09Hs,4.0,335,24,0.0,-42.75 -65.1
PUERTO_MADRYN_AERO,09/AGO/2022,12Hs,9.3,327,33,0.0,-42.75 -65.1
PUERTO_MADRYN_AERO,09/AGO/2022,15Hs,12.0,307,34,0.0,-42.75 -65.1
PUERTO_MADRYN_AERO,09/AGO/2022,18Hs,10.2,313,31,0.0,-42.75 -65.1
PUERTO_MADRYN_AERO,09/AGO/2022,21Hs,7.8,315,22,0.0,-42.75 -65.1
PUNTA_INDIO_B.A,05/AGO/2022,00Hs,5.0,246,6,0.0,-35.35 -57.3
PUNTA_INDIO_B.A,05/AGO/2022,03Hs,4.1,235,7,0.0,-35.35 -57.3
PUNTA_INDIO_B.A,05/AGO/2022,06Hs,3.4,241,10,0.0,-35.35 -57.3
PUNTA_INDIO_B.A,05/AGO/2022,09Hs,4.7,210,7,0.0,-35.35 -57.3
PUNTA_INDIO_B.A,05/AGO/2022,12Hs,11.0,215,9,0.0,-35.35 -57.3
PUNTA_INDIO_B.A,05/AGO/2022,15Hs,13.3,230,9,0.0,-35.35 -57.3
PUNTA_INDIO_B.A,05/AGO/2022,18Hs,9.7,155,2,0.0,-35.35 -57.3
PUNTA_INDIO_B.A,05/AGO/2022,21Hs,6.9,62,10,0.0,-35.35 -57.3
PUNTA_INDIO_B.A,06/AGO/2022,00Hs,5.5,20,12,0.0,-35.35 -57.3
PUNTA_INDIO_B.A,06/AGO/2022,03Hs,5.0,13,10,0.0,-35.35 -57.3
PUNTA_INDIO_B.A,06/AGO/2022,06Hs,4.5,358,5,0.0,-35.35 -57.3
PUNTA_INDIO_B.A,06/AGO/2022,09Hs,6.3,156,4,0.0,-35.35 -57.3
PUNTA_INDIO_B.A,06/AGO/2022,12Hs,11.9,129,9,0.0,-35.35 -57.3
PUNTA_INDIO_B.A,06/AGO/2022,15Hs,13.5,108,14,0.0,-35.35 -57.3
PUNTA_INDIO_B.A,06/AGO/2022,18Hs,8.6,96,13,0.0,-35.35 -57.3
PUNTA_INDIO_B.A,06/AGO/2022,21Hs,6.6,98,12,0.0,-35.35 -57.3
PUNTA_INDIO_B.A,07/AGO/2022,00Hs,6.3,128,12,0.0,-35.35 -57.3
PUNTA_INDIO_B.A,07/AGO/2022,03Hs,6.0,140,11,0.0,-35.35 -57.3
PUNTA_INDIO_B.A,07/AGO/2022,06Hs,5.9,149,14,0.0,-35.35 -57.3
PUNTA_INDIO_B.A,07/AGO/2022,09Hs,6.8,139,13,0.0,-35.35 -57.3
PUNTA_INDIO_B.A,07/AGO/2022,12Hs,9.7,114,19,0.0,-35.35 -57.3
PUNTA_INDIO_B.A,07/AGO/2022,15Hs,10.0,111,20,0.0,-35.35 -57.3
PUNTA_INDIO_B.A,07/AGO/2022,18Hs,7.4,105,16,0.0,-35.35 -57.3
PUNTA_INDIO_B.A,07/AGO/2022,21Hs,5.8,117,13,0.0,-35.35 -57.3
PUNTA_INDIO_B.A,08/AGO/2022,00Hs,4.9,146,11,0.0,-35.35 -57.3
PUNTA_INDIO_B.A,08/AGO/2022,03Hs,5.1,146,11,0.0,-35.35 -57.3
PUNTA_INDIO_B.A,08/AGO/2022,06Hs,5.4,151,10,0.0,-35.35 -57.3
PUNTA_INDIO_B.A,08/AGO/2022,09Hs,6.8,140,14,0.0,-35.35 -57.3
PUNTA_INDIO_B.A,08/AGO/2022,12Hs,11.9,107,20,0.0,-35.35 -57.3
PUNTA_INDIO_B.A,08/AGO/2022,15Hs,12.0,101,21,0.0,-35.35 -57.3
PUNTA_INDIO_B.A,08/AGO/2022,18Hs,9.0,113,15,0.0,-35.35 -57.3
PUNTA_INDIO_B.A,08/AGO/2022,21Hs,7.0,136,14,0.0,-35.35 -57.3
PUNTA_INDIO_B.A,09/AGO/2022,00Hs,6.3,141,12,0.0,-35.35 -57.3
PUNTA_INDIO_B.A,09/AGO/2022,03Hs,6.1,135,12,0.0,-35.35 -57.3
PUNTA_INDIO_B.A,09/AGO/2022,06Hs,6.0,136,11,0.0,-35.35 -57.3
PUNTA_INDIO_B.A,09/AGO/2022,09Hs,8.0,124,9,0.0,-35.35 -57.3
PUNTA_INDIO_B.A,09/AGO/2022,12Hs,12.8,89,19,0.0,-35.35 -57.3
PUNTA_INDIO_B.A,09/AGO/2022,15Hs,12.9,97,20,0.0,-35.35 -57.3
PUNTA_INDIO_B.A,09/AGO/2022,18Hs,8.6,98,13,0.0,-35.35 -57.3
PUNTA_INDIO_B.A,09/AGO/2022,21Hs,5.8,123,11,0.0,-35.35 -57.3
RAFAELA_AERO,05/AGO/2022,00Hs,8.6,61,5,0.0,-31.28 -61.52
RAFAELA_AERO,05/AGO/2022,03Hs,7.7,32,4,0.0,-31.28 -61.52
RAFAELA_AERO,05/AGO/2022,06Hs,6.8,43,6,0.0,-31.28 -61.52
RAFAELA_AERO,05/AGO/2022,09Hs,8.2,72,8,0.0,-31.28 -61.52
RAFAELA_AERO,05/AGO/2022,12Hs,15.2,71,13,0.0,-31.28 -61.52
RAFAELA_AERO,05/AGO/2022,15Hs,17.1,58,16,0.0,-31.28 -61.52
RAFAELA_AERO,05/AGO/2022,18Hs,13.2,65,12,0.0,-31.28 -61.52
RAFAELA_AERO,05/AGO/2022,21Hs,8.7,74,13,0.0,-31.28 -61.52
RAFAELA_AERO,06/AGO/2022,00Hs,7.1,63,12,0.0,-31.28 -61.52
RAFAELA_AERO,06/AGO/2022,03Hs,6.0,68,12,0.0,-31.28 -61.52
RAFAELA_AERO,06/AGO/2022,06Hs,4.8,81,12,0.0,-31.28 -61.52
RAFAELA_AERO,06/AGO/2022,09Hs,6.3,85,12,0.0,-31.28 -61.52
RAFAELA_AERO,06/AGO/2022,12Hs,13.3,84,13,0.0,-31.28 -61.52
RAFAELA_AERO,06/AGO/2022,15Hs,15.8,92,13,0.0,-31.28 -61.52
RAFAELA_AERO,06/AGO/2022,18Hs,13.0,102,13,0.0,-31.28 -61.52
RAFAELA_AERO,06/AGO/2022,21Hs,8.7,108,11,0.0,-31.28 -61.52
RAFAELA_AERO,07/AGO/2022,00Hs,7.3,115,11,0.0,-31.28 -61.52
RAFAELA_AERO,07/AGO/2022,03Hs,7.1,125,10,0.0,-31.28 -61.52
RAFAELA_AERO,07/AGO/2022,06Hs,5.8,129,12,0.0,-31.28 -61.52
RAFAELA_AERO,07/AGO/2022,09Hs,7.2,132,13,0.0,-31.28 -61.52
RAFAELA_AERO,07/AGO/2022,12Hs,13.0,125,16,0.0,-31.28 -61.52
RAFAELA_AERO,07/AGO/2022,15Hs,15.4,128,17,0.0,-31.28 -61.52
RAFAELA_AERO,07/AGO/2022,18Hs,13.0,119,18,0.0,-31.28 -61.52
RAFAELA_AERO,07/AGO/2022,21Hs,8.4,116,16,0.0,-31.28 -61.52
RAFAELA_AERO,08/AGO/2022,00Hs,9.8,131,12,0.0,-31.28 -61.52
RAFAELA_AERO,08/AGO/2022,03Hs,9.7,147,11,0.2,-31.28 -61.52
RAFAELA_AERO,08/AGO/2022,06Hs,9.2,141,13,0.4,-31.28 -61.52
RAFAELA_AERO,08/AGO/2022,09Hs,9.1,132,13,0.1,-31.28 -61.52
RAFAELA_AERO,08/AGO/2022,12Hs,10.0,136,11,0.2,-31.28 -61.52
RAFAELA_AERO,08/AGO/2022,15Hs,9.3,163,13,0.1,-31.28 -61.52
RAFAELA_AERO,08/AGO/2022,18Hs,8.2,174,15,0.2,-31.28 -61.52
RAFAELA_AERO,08/AGO/2022,21Hs,7.7,160,13,0.1,-31.28 -61.52
RAFAELA_AERO,09/AGO/2022,00Hs,8.2,186,9,0.0,-31.28 -61.52
RAFAELA_AERO,09/AGO/2022,03Hs,8.3,193,13,0.1,-31.28 -61.52
RAFAELA_AERO,09/AGO/2022,06Hs,8.0,192,22,1.4,-31.28 -61.52
RAFAELA_AERO,09/AGO/2022,09Hs,8.1,178,19,1.6,-31.28 -61.52
RAFAELA_AERO,09/AGO/2022,12Hs,8.3,176,20,1.1,-31.28 -61.52
RAFAELA_AERO,09/AGO/2022,15Hs,9.2,168,19,0.0,-31.28 -61.52
RAFAELA_AERO,09/AGO/2022,18Hs,9.0,160,16,0.0,-31.28 -61.52
RAFAELA_AERO,09/AGO/2022,21Hs,7.6,166,11,0.0,-31.28 -61.52
RECONQUISTA_AERO,05/AGO/2022,00Hs,8.2,170,4,0.0,-29.2 -59.7
RECONQUISTA_AERO,05/AGO/2022,03Hs,7.4,146,7,0.0,-29.2 -59.7
RECONQUISTA_AERO,05/AGO/2022,06Hs,6.3,140,8,0.0,-29.2 -59.7
RECONQUISTA_AERO,05/AGO/2022,09Hs,8.4,117,10,0.0,-29.2 -59.7
RECONQUISTA_AERO,05/AGO/2022,12Hs,15.2,106,11,0.0,-29.2 -59.7
RECONQUISTA_AERO,05/AGO/2022,15Hs,17.8,87,10,0.0,-29.2 -59.7
RECONQUISTA_AERO,05/AGO/2022,18Hs,14.3,110,9,0.0,-29.2 -59.7
RECONQUISTA_AERO,05/AGO/2022,21Hs,9.3,92,9,0.0,-29.2 -59.7
RECONQUISTA_AERO,06/AGO/2022,00Hs,7.8,86,9,0.0,-29.2 -59.7
RECONQUISTA_AERO,06/AGO/2022,03Hs,6.5,107,8,0.0,-29.2 -59.7
RECONQUISTA_AERO,06/AGO/2022,06Hs,5.7,97,9,0.0,-29.2 -59.7
RECONQUISTA_AERO,06/AGO/2022,09Hs,8.2,103,11,0.0,-29.2 -59.7
RECONQUISTA_AERO,06/AGO/2022,12Hs,13.7,97,11,0.0,-29.2 -59.7
RECONQUISTA_AERO,06/AGO/2022,15Hs,13.3,90,12,0.0,-29.2 -59.7
RECONQUISTA_AERO,06/AGO/2022,18Hs,12.7,121,11,0.0,-29.2 -59.7
RECONQUISTA_AERO,06/AGO/2022,21Hs,9.2,120,10,0.0,-29.2 -59.7
RECONQUISTA_AERO,07/AGO/2022,00Hs,8.0,112,7,0.0,-29.2 -59.7
RECONQUISTA_AERO,07/AGO/2022,03Hs,7.4,133,7,0.0,-29.2 -59.7
RECONQUISTA_AERO,07/AGO/2022,06Hs,6.9,155,8,0.0,-29.2 -59.7
RECONQUISTA_AERO,07/AGO/2022,09Hs,8.7,145,11,0.0,-29.2 -59.7
RECONQUISTA_AERO,07/AGO/2022,12Hs,15.4,135,11,0.0,-29.2 -59.7
RECONQUISTA_AERO,07/AGO/2022,15Hs,18.1,136,11,0.0,-29.2 -59.7
RECONQUISTA_AERO,07/AGO/2022,18Hs,15.8,131,13,0.0,-29.2 -59.7
RECONQUISTA_AERO,07/AGO/2022,21Hs,11.2,136,13,0.0,-29.2 -59.7
RECONQUISTA_AERO,08/AGO/2022,00Hs,11.6,142,9,0.0,-29.2 -59.7
RECONQUISTA_AERO,08/AGO/2022,03Hs,11.3,151,10,0.0,-29.2 -59.7
RECONQUISTA_AERO,08/AGO/2022,06Hs,9.6,155,8,0.0,-29.2 -59.7
RECONQUISTA_AERO,08/AGO/2022,09Hs,11.4,152,8,0.0,-29.2 -59.7
RECONQUISTA_AERO,08/AGO/2022,12Hs,14.8,166,9,0.0,-29.2 -59.7
RECONQUISTA_AERO,08/AGO/2022,15Hs,16.0,173,13,0.2,-29.2 -59.7
RECONQUISTA_AERO,08/AGO/2022,18Hs,14.1,169,13,0.1,-29.2 -59.7
RECONQUISTA_AERO,08/AGO/2022,21Hs,12.1,174,12,0.1,-29.2 -59.7
RECONQUISTA_AERO,09/AGO/2022,00Hs,11.2,197,10,0.1,-29.2 -59.7
RECONQUISTA_AERO,09/AGO/2022,03Hs,10.5,210,11,0.0,-29.2 -59.7
RECONQUISTA_AERO,09/AGO/2022,06Hs,9.9,219,15,0.0,-29.2 -59.7
RECONQUISTA_AERO,09/AGO/2022,09Hs,9.7,230,13,0.0,-29.2 -59.7
RECONQUISTA_AERO,09/AGO/2022,12Hs,11.6,231,15,0.0,-29.2 -59.7
RECONQUISTA_AERO,09/AGO/2022,15Hs,11.3,208,16,0.7,-29.2 -59.7
RECONQUISTA_AERO,09/AGO/2022,18Hs,10.1,200,16,0.4,-29.2 -59.7
RECONQUISTA_AERO,09/AGO/2022,21Hs,9.2,200,15,0.2,-29.2 -59.7
RESISTENCIA_AERO,05/AGO/2022,00Hs,9.3,184,7,0.0,-27.43 -59.05
RESISTENCIA_AERO,05/AGO/2022,03Hs,7.6,149,6,0.0,-27.43 -59.05
RESISTENCIA_AERO,05/AGO/2022,06Hs,6.3,142,6,0.0,-27.43 -59.05
RESISTENCIA_AERO,05/AGO/2022,09Hs,8.7,124,9,0.0,-27.43 -59.05
RESISTENCIA_AERO,05/AGO/2022,12Hs,15.6,104,10,0.0,-27.43 -59.05
RESISTENCIA_AERO,05/AGO/2022,15Hs,18.3,114,11,0.0,-27.43 -59.05
RESISTENCIA_AERO,05/AGO/2022,18Hs,14.1,110,9,0.0,-27.43 -59.05
RESISTENCIA_AERO,05/AGO/2022,21Hs,9.5,106,9,0.0,-27.43 -59.05
RESISTENCIA_AERO,06/AGO/2022,00Hs,7.7,107,9,0.0,-27.43 -59.05
RESISTENCIA_AERO,06/AGO/2022,03Hs,6.8,115,8,0.0,-27.43 -59.05
RESISTENCIA_AERO,06/AGO/2022,06Hs,8.4,109,9,0.0,-27.43 -59.05
RESISTENCIA_AERO,06/AGO/2022,09Hs,10.1,114,7,0.0,-27.43 -59.05
RESISTENCIA_AERO,06/AGO/2022,12Hs,13.6,99,10,0.0,-27.43 -59.05
RESISTENCIA_AERO,06/AGO/2022,15Hs,14.8,120,10,0.0,-27.43 -59.05
RESISTENCIA_AERO,06/AGO/2022,18Hs,13.5,104,8,0.0,-27.43 -59.05
RESISTENCIA_AERO,06/AGO/2022,21Hs,9.2,127,8,0.0,-27.43 -59.05
RESISTENCIA_AERO,07/AGO/2022,00Hs,8.1,158,6,0.0,-27.43 -59.05
RESISTENCIA_AERO,07/AGO/2022,03Hs,7.7,138,7,0.0,-27.43 -59.05
RESISTENCIA_AERO,07/AGO/2022,06Hs,7.3,144,7,0.0,-27.43 -59.05
RESISTENCIA_AERO,07/AGO/2022,09Hs,9.9,153,8,0.0,-27.43 -59.05
RESISTENCIA_AERO,07/AGO/2022,12Hs,16.9,146,9,0.0,-27.43 -59.05
RESISTENCIA_AERO,07/AGO/2022,15Hs,19.7,151,10,0.0,-27.43 -59.05
RESISTENCIA_AERO,07/AGO/2022,18Hs,16.5,150,9,0.0,-27.43 -59.05
RESISTENCIA_AERO,07/AGO/2022,21Hs,12.1,138,10,0.0,-27.43 -59.05
RESISTENCIA_AERO,08/AGO/2022,00Hs,10.0,158,8,0.0,-27.43 -59.05
RESISTENCIA_AERO,08/AGO/2022,03Hs,9.5,159,8,0.0,-27.43 -59.05
RESISTENCIA_AERO,08/AGO/2022,06Hs,9.2,151,8,0.0,-27.43 -59.05
RESISTENCIA_AERO,08/AGO/2022,09Hs,11.5,150,11,0.0,-27.43 -59.05
RESISTENCIA_AERO,08/AGO/2022,12Hs,17.2,175,12,0.0,-27.43 -59.05
RESISTENCIA_AERO,08/AGO/2022,15Hs,16.0,196,12,0.0,-27.43 -59.05
RESISTENCIA_AERO,08/AGO/2022,18Hs,14.6,200,11,0.0,-27.43 -59.05
RESISTENCIA_AERO,08/AGO/2022,21Hs,12.4,189,9,0.0,-27.43 -59.05
RESISTENCIA_AERO,09/AGO/2022,00Hs,12.7,191,13,0.0,-27.43 -59.05
RESISTENCIA_AERO,09/AGO/2022,03Hs,10.8,213,12,0.0,-27.43 -59.05
RESISTENCIA_AERO,09/AGO/2022,06Hs,9.9,215,14,0.0,-27.43 -59.05
RESISTENCIA_AERO,09/AGO/2022,09Hs,10.5,214,14,0.0,-27.43 -59.05
RESISTENCIA_AERO,09/AGO/2022,12Hs,11.7,234,17,0.0,-27.43 -59.05
RESISTENCIA_AERO,09/AGO/2022,15Hs,12.5,241,16,0.0,-27.43 -59.05
RESISTENCIA_AERO,09/AGO/2022,18Hs,11.1,242,15,0.0,-27.43 -59.05
RESISTENCIA_AERO,09/AGO/2022,21Hs,9.9,218,15,0.1,-27.43 -59.05
RIO_COLORADO,05/AGO/2022,00Hs,5.4,105,7,0.0,-34.58 -58.48
RIO_COLORADO,05/AGO/2022,03Hs,4.6,3,11,0.0,-34.58 -58.48
RIO_COLORADO,05/AGO/2022,06Hs,4.4,283,13,0.0,-34.58 -58.48
RIO_COLORADO,05/AGO/2022,09Hs,5.0,257,9,0.0,-34.58 -58.48
RIO_COLORADO,05/AGO/2022,12Hs,9.2,258,16,0.0,-34.58 -58.48
RIO_COLORADO,05/AGO/2022,15Hs,10.6,195,11,0.0,-34.58 -58.48
RIO_COLORADO,05/AGO/2022,18Hs,9.8,178,10,0.0,-34.58 -58.48
RIO_COLORADO,05/AGO/2022,21Hs,8.0,155,13,0.0,-34.58 -58.48
RIO_COLORADO,06/AGO/2022,00Hs,6.3,152,14,0.0,-34.58 -58.48
RIO_COLORADO,06/AGO/2022,03Hs,5.8,123,10,0.0,-34.58 -58.48
RIO_COLORADO,06/AGO/2022,06Hs,5.0,132,11,0.0,-34.58 -58.48
RIO_COLORADO,06/AGO/2022,09Hs,5.2,123,10,0.0,-34.58 -58.48
RIO_COLORADO,06/AGO/2022,12Hs,8.2,123,16,0.0,-34.58 -58.48
RIO_COLORADO,06/AGO/2022,15Hs,9.7,115,18,0.0,-34.58 -58.48
RIO_COLORADO,06/AGO/2022,18Hs,9.4,126,15,0.0,-34.58 -58.48
RIO_COLORADO,06/AGO/2022,21Hs,7.1,66,12,0.0,-34.58 -58.48
RIO_COLORADO,07/AGO/2022,00Hs,5.7,119,18,0.0,-34.58 -58.48
RIO_COLORADO,07/AGO/2022,03Hs,5.1,121,18,0.1,-34.58 -58.48
RIO_COLORADO,07/AGO/2022,06Hs,4.8,133,14,0.0,-34.58 -58.48
RIO_COLORADO,07/AGO/2022,09Hs,4.4,117,12,0.0,-34.58 -58.48
RIO_COLORADO,07/AGO/2022,12Hs,8.3,96,20,0.0,-34.58 -58.48
RIO_COLORADO,07/AGO/2022,15Hs,9.5,98,19,0.0,-34.58 -58.48
RIO_COLORADO,07/AGO/2022,18Hs,7.8,105,23,0.0,-34.58 -58.48
RIO_COLORADO,07/AGO/2022,21Hs,5.1,104,15,0.0,-34.58 -58.48
RIO_COLORADO,08/AGO/2022,00Hs,4.2,126,13,0.0,-34.58 -58.48
RIO_COLORADO,08/AGO/2022,03Hs,4.3,111,9,0.0,-34.58 -58.48
RIO_COLORADO,08/AGO/2022,06Hs,3.9,116,9,0.0,-34.58 -58.48
RIO_COLORADO,08/AGO/2022,09Hs,5.0,114,8,0.0,-34.58 -58.48
RIO_COLORADO,08/AGO/2022,12Hs,8.7,108,9,0.0,-34.58 -58.48
RIO_COLORADO,08/AGO/2022,15Hs,10.2,101,6,0.0,-34.58 -58.48
RIO_COLORADO,08/AGO/2022,18Hs,9.3,91,5,0.0,-34.58 -58.48
RIO_COLORADO,08/AGO/2022,21Hs,5.9,67,10,0.0,-34.58 -58.48
RIO_COLORADO,09/AGO/2022,00Hs,4.0,25,12,0.0,-34.58 -58.48
RIO_COLORADO,09/AGO/2022,03Hs,3.9,325,9,0.0,-34.58 -58.48
RIO_COLORADO,09/AGO/2022,06Hs,3.6,10,10,0.0,-34.58 -58.48
RIO_COLORADO,09/AGO/2022,09Hs,4.9,354,12,0.0,-34.58 -58.48
RIO_COLORADO,09/AGO/2022,12Hs,11.5,346,23,0.0,-34.58 -58.48
RIO_COLORADO,09/AGO/2022,15Hs,14.0,340,27,0.0,-34.58 -58.48
RIO_COLORADO,09/AGO/2022,18Hs,12.4,348,21,0.0,-34.58 -58.48
RIO_COLORADO,09/AGO/2022,21Hs,8.4,6,16,0.0,-34.58 -58.48
RIO_CUARTO_AERO,05/AGO/2022,00Hs,8.6,8,12,0.0,-34.58 -58.48
RIO_CUARTO_AERO,05/AGO/2022,03Hs,7.9,13,13,0.0,-34.58 -58.48
RIO_CUARTO_AERO,05/AGO/2022,06Hs,7.1,12,13,0.0,-34.58 -58.48
RIO_CUARTO_AERO,05/AGO/2022,09Hs,8.3,8,16,0.0,-34.58 -58.48
RIO_CUARTO_AERO,05/AGO/2022,12Hs,16.4,17,26,0.0,-34.58 -58.48
RIO_CUARTO_AERO,05/AGO/2022,15Hs,18.6,20,27,0.0,-34.58 -58.48
RIO_CUARTO_AERO,05/AGO/2022,18Hs,16.5,32,24,0.0,-34.58 -58.48
RIO_CUARTO_AERO,05/AGO/2022,21Hs,11.6,23,21,0.0,-34.58 -58.48
RIO_CUARTO_AERO,06/AGO/2022,00Hs,9.5,5,20,0.0,-34.58 -58.48
RIO_CUARTO_AERO,06/AGO/2022,03Hs,8.6,4,21,0.0,-34.58 -58.48
RIO_CUARTO_AERO,06/AGO/2022,06Hs,6.7,16,18,0.0,-34.58 -58.48
RIO_CUARTO_AERO,06/AGO/2022,09Hs,7.1,24,18,0.0,-34.58 -58.48
RIO_CUARTO_AERO,06/AGO/2022,12Hs,13.9,27,23,0.0,-34.58 -58.48
RIO_CUARTO_AERO,06/AGO/2022,15Hs,16.7,51,17,0.0,-34.58 -58.48
RIO_CUARTO_AERO,06/AGO/2022,18Hs,14.5,62,17,0.0,-34.58 -58.48
RIO_CUARTO_AERO,06/AGO/2022,21Hs,9.5,24,12,0.0,-34.58 -58.48
RIO_CUARTO_AERO,07/AGO/2022,00Hs,8.4,28,10,0.0,-34.58 -58.48
RIO_CUARTO_AERO,07/AGO/2022,03Hs,6.5,41,11,0.0,-34.58 -58.48
RIO_CUARTO_AERO,07/AGO/2022,06Hs,6.3,60,12,0.0,-34.58 -58.48
RIO_CUARTO_AERO,07/AGO/2022,09Hs,5.8,71,9,0.0,-34.58 -58.48
RIO_CUARTO_AERO,07/AGO/2022,12Hs,9.8,69,16,0.0,-34.58 -58.48
RIO_CUARTO_AERO,07/AGO/2022,15Hs,12.9,94,20,0.0,-34.58 -58.48
RIO_CUARTO_AERO,07/AGO/2022,18Hs,11.7,89,17,0.0,-34.58 -58.48
RIO_CUARTO_AERO,07/AGO/2022,21Hs,8.9,94,11,0.0,-34.58 -58.48
RIO_CUARTO_AERO,08/AGO/2022,00Hs,7.8,102,11,0.2,-34.58 -58.48
RIO_CUARTO_AERO,08/AGO/2022,03Hs,6.8,73,4,0.4,-34.58 -58.48
RIO_CUARTO_AERO,08/AGO/2022,06Hs,6.3,107,9,1.6,-34.58 -58.48
RIO_CUARTO_AERO,08/AGO/2022,09Hs,5.9,120,10,5.5,-34.58 -58.48
RIO_CUARTO_AERO,08/AGO/2022,12Hs,5.9,129,14,2.6,-34.58 -58.48
RIO_CUARTO_AERO,08/AGO/2022,15Hs,5.6,146,15,2.9,-34.58 -58.48
RIO_CUARTO_AERO,08/AGO/2022,18Hs,5.3,148,13,2.2,-34.58 -58.48
RIO_CUARTO_AERO,08/AGO/2022,21Hs,5.5,205,10,3.8,-34.58 -58.48
RIO_CUARTO_AERO,09/AGO/2022,00Hs,5.8,214,13,0.9,-34.58 -58.48
RIO_CUARTO_AERO,09/AGO/2022,03Hs,6.2,208,13,0.4,-34.58 -58.48
RIO_CUARTO_AERO,09/AGO/2022,06Hs,6.3,199,11,0.4,-34.58 -58.48
RIO_CUARTO_AERO,09/AGO/2022,09Hs,6.5,196,6,0.0,-34.58 -58.48
RIO_CUARTO_AERO,09/AGO/2022,12Hs,10.0,72,8,0.0,-34.58 -58.48
RIO_CUARTO_AERO,09/AGO/2022,15Hs,12.1,63,11,0.0,-34.58 -58.48
RIO_CUARTO_AERO,09/AGO/2022,18Hs,10.8,44,14,0.0,-34.58 -58.48
RIO_CUARTO_AERO,09/AGO/2022,21Hs,7.1,20,13,0.0,-34.58 -58.48
RIO_GALLEGOS_AERO,05/AGO/2022,00Hs,0.9,228,16,0.0,-34.58 -58.48
RIO_GALLEGOS_AERO,05/AGO/2022,03Hs,1.2,227,19,0.0,-34.58 -58.48
RIO_GALLEGOS_AERO,05/AGO/2022,06Hs,1.1,228,19,0.0,-34.58 -58.48
RIO_GALLEGOS_AERO,05/AGO/2022,09Hs,1.5,211,16,0.0,-34.58 -58.48
RIO_GALLEGOS_AERO,05/AGO/2022,12Hs,1.8,222,16,0.0,-34.58 -58.48
RIO_GALLEGOS_AERO,05/AGO/2022,15Hs,3.5,217,20,0.0,-34.58 -58.48
RIO_GALLEGOS_AERO,05/AGO/2022,18Hs,2.5,209,16,0.0,-34.58 -58.48
RIO_GALLEGOS_AERO,05/AGO/2022,21Hs,2.0,207,12,0.0,-34.58 -58.48
RIO_GALLEGOS_AERO,06/AGO/2022,00Hs,1.9,167,7,0.0,-34.58 -58.48
RIO_GALLEGOS_AERO,06/AGO/2022,03Hs,1.8,145,8,0.0,-34.58 -58.48
RIO_GALLEGOS_AERO,06/AGO/2022,06Hs,2.0,129,9,0.0,-34.58 -58.48
RIO_GALLEGOS_AERO,06/AGO/2022,09Hs,1.7,123,11,0.0,-34.58 -58.48
RIO_GALLEGOS_AERO,06/AGO/2022,12Hs,2.6,112,10,0.0,-34.58 -58.48
RIO_GALLEGOS_AERO,06/AGO/2022,15Hs,3.4,71,8,0.0,-34.58 -58.48
RIO_GALLEGOS_AERO,06/AGO/2022,18Hs,2.9,50,9,0.1,-34.58 -58.48
RIO_GALLEGOS_AERO,06/AGO/2022,21Hs,2.4,22,7,0.0,-34.58 -58.48
RIO_GALLEGOS_AERO,07/AGO/2022,00Hs,1.9,20,8,0.0,-34.58 -58.48
RIO_GALLEGOS_AERO,07/AGO/2022,03Hs,0.9,10,11,0.0,-34.58 -58.48
RIO_GALLEGOS_AERO,07/AGO/2022,06Hs,0.9,13,12,0.0,-34.58 -58.48
RIO_GALLEGOS_AERO,07/AGO/2022,09Hs,0.7,360,12,0.0,-34.58 -58.48
RIO_GALLEGOS_AERO,07/AGO/2022,12Hs,2.6,7,18,0.0,-34.58 -58.48
RIO_GALLEGOS_AERO,07/AGO/2022,15Hs,4.2,8,24,0.0,-34.58 -58.48
RIO_GALLEGOS_AERO,07/AGO/2022,18Hs,2.1,22,19,0.0,-34.58 -58.48
RIO_GALLEGOS_AERO,07/AGO/2022,21Hs,1.0,16,17,0.0,-34.58 -58.48
RIO_GALLEGOS_AERO,08/AGO/2022,00Hs,0.9,18,20,0.0,-34.58 -58.48
RIO_GALLEGOS_AERO,08/AGO/2022,03Hs,0.5,18,21,0.0,-34.58 -58.48
RIO_GALLEGOS_AERO,08/AGO/2022,06Hs,-0.2,6,18,0.0,-34.58 -58.48
RIO_GALLEGOS_AERO,08/AGO/2022,09Hs,-0.8,357,18,0.0,-34.58 -58.48
RIO_GALLEGOS_AERO,08/AGO/2022,12Hs,1.7,352,22,0.0,-34.58 -58.48
RIO_GALLEGOS_AERO,08/AGO/2022,15Hs,3.3,351,21,0.0,-34.58 -58.48
RIO_GALLEGOS_AERO,08/AGO/2022,18Hs,1.6,23,21,0.0,-34.58 -58.48
RIO_GALLEGOS_AERO,08/AGO/2022,21Hs,2.2,13,30,0.0,-34.58 -58.48
RIO_GALLEGOS_AERO,09/AGO/2022,00Hs,2.2,2,27,0.0,-34.58 -58.48
RIO_GALLEGOS_AERO,09/AGO/2022,03Hs,0.8,353,18,0.0,-34.58 -58.48
RIO_GALLEGOS_AERO,09/AGO/2022,06Hs,-0.4,267,14,0.0,-34.58 -58.48
RIO_GALLEGOS_AERO,09/AGO/2022,09Hs,0.0,278,16,0.0,-34.58 -58.48
RIO_GALLEGOS_AERO,09/AGO/2022,12Hs,3.3,253,17,0.0,-34.58 -58.48
RIO_GALLEGOS_AERO,09/AGO/2022,15Hs,5.4,245,33,0.0,-34.58 -58.48
RIO_GALLEGOS_AERO,09/AGO/2022,18Hs,3.5,245,21,0.0,-34.58 -58.48
RIO_GALLEGOS_AERO,09/AGO/2022,21Hs,1.4,298,13,0.0,-34.58 -58.48
RIO_GRANDE_B.A.,05/AGO/2022,00Hs,2.4,204,12,0.0,-34.58 -58.48
RIO_GRANDE_B.A.,05/AGO/2022,03Hs,2.3,206,10,0.0,-34.58 -58.48
RIO_GRANDE_B.A.,05/AGO/2022,06Hs,1.8,213,7,0.0,-34.58 -58.48
RIO_GRANDE_B.A.,05/AGO/2022,09Hs,1.3,199,6,0.0,-34.58 -58.48
RIO_GRANDE_B.A.,05/AGO/2022,12Hs,2.0,189,8,0.0,-34.58 -58.48
RIO_GRANDE_B.A.,05/AGO/2022,15Hs,2.8,131,9,0.0,-34.58 -58.48
RIO_GRANDE_B.A.,05/AGO/2022,18Hs,2.4,97,9,0.0,-34.58 -58.48
RIO_GRANDE_B.A.,05/AGO/2022,21Hs,2.4,119,2,0.0,-34.58 -58.48
RIO_GRANDE_B.A.,06/AGO/2022,00Hs,2.3,194,4,0.0,-34.58 -58.48
RIO_GRANDE_B.A.,06/AGO/2022,03Hs,1.7,238,9,0.1,-34.58 -58.48
RIO_GRANDE_B.A.,06/AGO/2022,06Hs,1.6,241,11,0.0,-34.58 -58.48
RIO_GRANDE_B.A.,06/AGO/2022,09Hs,1.7,256,8,0.0,-34.58 -58.48
RIO_GRANDE_B.A.,06/AGO/2022,12Hs,2.1,289,9,0.0,-34.58 -58.48
RIO_GRANDE_B.A.,06/AGO/2022,15Hs,3.1,304,14,0.0,-34.58 -58.48
RIO_GRANDE_B.A.,06/AGO/2022,18Hs,2.7,319,15,0.0,-34.58 -58.48
RIO_GRANDE_B.A.,06/AGO/2022,21Hs,2.0,313,16,0.0,-34.58 -58.48
RIO_GRANDE_B.A.,07/AGO/2022,00Hs,1.4,306,16,0.0,-34.58 -58.48
RIO_GRANDE_B.A.,07/AGO/2022,03Hs,1.1,301,16,0.0,-34.58 -58.48
RIO_GRANDE_B.A.,07/AGO/2022,06Hs,1.1,304,15,0.0,-34.58 -58.48
RIO_GRANDE_B.A.,07/AGO/2022,09Hs,1.6,318,14,0.0,-34.58 -58.48
RIO_GRANDE_B.A.,07/AGO/2022,12Hs,2.7,315,12,0.0,-34.58 -58.48
RIO_GRANDE_B.A.,07/AGO/2022,15Hs,3.4,316,17,0.0,-34.58 -58.48
RIO_GRANDE_B.A.,07/AGO/2022,18Hs,2.4,341,17,0.0,-34.58 -58.48
RIO_GRANDE_B.A.,07/AGO/2022,21Hs,2.0,326,19,0.0,-34.58 -58.48
RIO_GRANDE_B.A.,08/AGO/2022,00Hs,1.5,322,20,0.0,-34.58 -58.48
RIO_GRANDE_B.A.,08/AGO/2022,03Hs,1.5,323,17,0.0,-34.58 -58.48
RIO_GRANDE_B.A.,08/AGO/2022,06Hs,1.4,323,16,0.0,-34.58 -58.48
RIO_GRANDE_B.A.,08/AGO/2022,09Hs,1.8,339,17,0.0,-34.58 -58.48
RIO_GRANDE_B.A.,08/AGO/2022,12Hs,2.7,346,24,0.0,-34.58 -58.48
RIO_GRANDE_B.A.,08/AGO/2022,15Hs,2.6,351,25,0.0,-34.58 -58.48
RIO_GRANDE_B.A.,08/AGO/2022,18Hs,2.3,359,24,0.0,-34.58 -58.48
RIO_GRANDE_B.A.,08/AGO/2022,21Hs,2.5,355,29,0.0,-34.58 -58.48
RIO_GRANDE_B.A.,09/AGO/2022,00Hs,2.9,356,36,0.0,-34.58 -58.48
RIO_GRANDE_B.A.,09/AGO/2022,03Hs,3.0,356,33,0.0,-34.58 -58.48
RIO_GRANDE_B.A.,09/AGO/2022,06Hs,2.6,326,24,0.0,-34.58 -58.48
RIO_GRANDE_B.A.,09/AGO/2022,09Hs,1.9,305,18,0.0,-34.58 -58.48
RIO_GRANDE_B.A.,09/AGO/2022,12Hs,3.5,298,27,0.0,-34.58 -58.48
RIO_GRANDE_B.A.,09/AGO/2022,15Hs,5.0,281,39,0.0,-34.58 -58.48
RIO_GRANDE_B.A.,09/AGO/2022,18Hs,4.3,272,43,0.0,-34.58 -58.48
RIO_GRANDE_B.A.,09/AGO/2022,21Hs,4.5,274,35,0.0,-34.58 -58.48
RIVADAVIA,05/AGO/2022,00Hs,13.3,136,13,0.0,-45.8 -67.47
RIVADAVIA,05/AGO/2022,03Hs,11.7,137,11,0.0,-45.8 -67.47
RIVADAVIA,05/AGO/2022,06Hs,9.7,138,7,0.0,-45.8 -67.47
RIVADAVIA,05/AGO/2022,09Hs,11.6,94,8,0.0,-45.8 -67.47
RIVADAVIA,05/AGO/2022,12Hs,18.6,75,7,0.0,-45.8 -67.47
RIVADAVIA,05/AGO/2022,15Hs,22.6,58,9,0.0,-45.8 -67.47
RIVADAVIA,05/AGO/2022,18Hs,22.8,67,12,0.0,-45.8 -67.47
RIVADAVIA,05/AGO/2022,21Hs,20.1,48,7,0.0,-45.8 -67.47
RIVADAVIA,06/AGO/2022,00Hs,17.9,83,11,0.0,-45.8 -67.47
RIVADAVIA,06/AGO/2022,03Hs,14.9,48,7,0.0,-45.8 -67.47
RIVADAVIA,06/AGO/2022,06Hs,13.2,82,9,0.0,-45.8 -67.47
RIVADAVIA,06/AGO/2022,09Hs,15.7,74,7,0.0,-45.8 -67.47
RIVADAVIA,06/AGO/2022,12Hs,22.6,17,12,0.0,-45.8 -67.47
RIVADAVIA,06/AGO/2022,15Hs,26.3,50,11,0.0,-45.8 -67.47
RIVADAVIA,06/AGO/2022,18Hs,25.3,63,20,0.0,-45.8 -67.47
RIVADAVIA,06/AGO/2022,21Hs,19.1,64,14,0.0,-45.8 -67.47
RIVADAVIA,07/AGO/2022,00Hs,16.4,108,14,0.0,-45.8 -67.47
RIVADAVIA,07/AGO/2022,03Hs,15.5,135,10,0.0,-45.8 -67.47
RIVADAVIA,07/AGO/2022,06Hs,13.0,169,12,0.0,-45.8 -67.47
RIVADAVIA,07/AGO/2022,09Hs,13.9,167,15,0.0,-45.8 -67.47
RIVADAVIA,07/AGO/2022,12Hs,20.2,161,12,0.0,-45.8 -67.47
RIVADAVIA,07/AGO/2022,15Hs,24.2,151,13,0.0,-45.8 -67.47
RIVADAVIA,07/AGO/2022,18Hs,24.0,145,14,0.0,-45.8 -67.47
RIVADAVIA,07/AGO/2022,21Hs,21.0,149,16,0.0,-45.8 -67.47
RIVADAVIA,08/AGO/2022,00Hs,19.5,139,13,0.0,-45.8 -67.47
RIVADAVIA,08/AGO/2022,03Hs,17.6,181,17,0.0,-45.8 -67.47
RIVADAVIA,08/AGO/2022,06Hs,16.0,189,21,0.0,-45.8 -67.47
RIVADAVIA,08/AGO/2022,09Hs,15.4,187,22,0.0,-45.8 -67.47
RIVADAVIA,08/AGO/2022,12Hs,16.8,180,21,0.0,-45.8 -67.47
RIVADAVIA,08/AGO/2022,15Hs,16.5,184,24,0.0,-45.8 -67.47
RIVADAVIA,08/AGO/2022,18Hs,15.2,188,28,0.0,-45.8 -67.47
RIVADAVIA,08/AGO/2022,21Hs,12.9,186,25,0.2,-45.8 -67.47
RIVADAVIA,09/AGO/2022,00Hs,12.6,197,25,0.0,-45.8 -67.47
RIVADAVIA,09/AGO/2022,03Hs,12.3,197,29,0.0,-45.8 -67.47
RIVADAVIA,09/AGO/2022,06Hs,12.1,198,27,0.0,-45.8 -67.47
RIVADAVIA,09/AGO/2022,09Hs,10.5,200,28,0.0,-45.8 -67.47
RIVADAVIA,09/AGO/2022,12Hs,14.5,193,33,0.0,-45.8 -67.47
RIVADAVIA,09/AGO/2022,15Hs,18.3,193,30,0.0,-45.8 -67.47
RIVADAVIA,09/AGO/2022,18Hs,18.0,192,25,0.0,-45.8 -67.47
RIVADAVIA,09/AGO/2022,21Hs,11.6,160,14,0.0,-45.8 -67.47
ROSARIO_AERO,05/AGO/2022,00Hs,7.9,151,6,0.0,-32.9 -60.78
ROSARIO_AERO,05/AGO/2022,03Hs,6.8,133,2,0.0,-32.9 -60.78
ROSARIO_AERO,05/AGO/2022,06Hs,5.9,4,3,0.0,-32.9 -60.78
ROSARIO_AERO,05/AGO/2022,09Hs,7.8,356,5,0.0,-32.9 -60.78
ROSARIO_AERO,05/AGO/2022,12Hs,14.9,48,9,0.0,-32.9 -60.78
ROSARIO_AERO,05/AGO/2022,15Hs,17.9,35,10,0.0,-32.9 -60.78
ROSARIO_AERO,05/AGO/2022,18Hs,14.5,57,10,0.0,-32.9 -60.78
ROSARIO_AERO,05/AGO/2022,21Hs,9.9,42,13,0.0,-32.9 -60.78
ROSARIO_AERO,06/AGO/2022,00Hs,7.7,37,12,0.0,-32.9 -60.78
ROSARIO_AERO,06/AGO/2022,03Hs,6.2,38,10,0.0,-32.9 -60.78
ROSARIO_AERO,06/AGO/2022,06Hs,5.0,60,10,0.0,-32.9 -60.78
ROSARIO_AERO,06/AGO/2022,09Hs,6.6,73,10,0.0,-32.9 -60.78
ROSARIO_AERO,06/AGO/2022,12Hs,13.6,68,14,0.0,-32.9 -60.78
ROSARIO_AERO,06/AGO/2022,15Hs,17.0,79,13,0.0,-32.9 -60.78
ROSARIO_AERO,06/AGO/2022,18Hs,13.8,79,13,0.0,-32.9 -60.78
ROSARIO_AERO,06/AGO/2022,21Hs,9.9,82,13,0.0,-32.9 -60.78
ROSARIO_AERO,07/AGO/2022,00Hs,8.9,105,10,0.0,-32.9 -60.78
ROSARIO_AERO,07/AGO/2022,03Hs,6.7,126,12,0.0,-32.9 -60.78
ROSARIO_AERO,07/AGO/2022,06Hs,5.4,126,12,0.0,-32.9 -60.78
ROSARIO_AERO,07/AGO/2022,09Hs,6.3,118,16,0.0,-32.9 -60.78
ROSARIO_AERO,07/AGO/2022,12Hs,12.2,104,20,0.0,-32.9 -60.78
ROSARIO_AERO,07/AGO/2022,15Hs,15.7,95,22,0.0,-32.9 -60.78
ROSARIO_AERO,07/AGO/2022,18Hs,12.8,93,19,0.0,-32.9 -60.78
ROSARIO_AERO,07/AGO/2022,21Hs,11.9,94,19,0.0,-32.9 -60.78
ROSARIO_AERO,08/AGO/2022,00Hs,11.1,121,16,0.0,-32.9 -60.78
ROSARIO_AERO,08/AGO/2022,03Hs,9.7,122,16,0.0,-32.9 -60.78
ROSARIO_AERO,08/AGO/2022,06Hs,9.0,122,16,0.0,-32.9 -60.78
ROSARIO_AERO,08/AGO/2022,09Hs,9.0,124,16,0.0,-32.9 -60.78
ROSARIO_AERO,08/AGO/2022,12Hs,10.9,105,20,0.0,-32.9 -60.78
ROSARIO_AERO,08/AGO/2022,15Hs,8.5,122,16,2.0,-32.9 -60.78
ROSARIO_AERO,08/AGO/2022,18Hs,8.7,135,14,3.3,-32.9 -60.78
ROSARIO_AERO,08/AGO/2022,21Hs,8.6,165,9,2.8,-32.9 -60.78
ROSARIO_AERO,09/AGO/2022,00Hs,8.3,181,13,2.4,-32.9 -60.78
ROSARIO_AERO,09/AGO/2022,03Hs,8.1,156,17,1.8,-32.9 -60.78
ROSARIO_AERO,09/AGO/2022,06Hs,7.8,161,16,0.7,-32.9 -60.78
ROSARIO_AERO,09/AGO/2022,09Hs,7.2,170,18,0.0,-32.9 -60.78
ROSARIO_AERO,09/AGO/2022,12Hs,9.5,141,16,0.0,-32.9 -60.78
ROSARIO_AERO,09/AGO/2022,15Hs,10.6,133,10,0.0,-32.9 -60.78
ROSARIO_AERO,09/AGO/2022,18Hs,11.0,82,3,0.0,-32.9 -60.78
ROSARIO_AERO,09/AGO/2022,21Hs,9.0,213,6,0.0,-32.9 -60.78
SALTA_AERO,05/AGO/2022,00Hs,11.6,155,4,0.0,-24.85 -65.48
SALTA_AERO,05/AGO/2022,03Hs,10.3,146,3,0.0,-24.85 -65.48
SALTA_AERO,05/AGO/2022,06Hs,7.1,208,1,0.0,-24.85 -65.48
SALTA_AERO,05/AGO/2022,09Hs,8.3,87,1,0.0,-24.85 -65.48
SALTA_AERO,05/AGO/2022,12Hs,14.5,58,11,0.0,-24.85 -65.48
SALTA_AERO,05/AGO/2022,15Hs,17.2,54,15,0.0,-24.85 -65.48
SALTA_AERO,05/AGO/2022,18Hs,15.9,50,12,0.0,-24.85 -65.48
SALTA_AERO,05/AGO/2022,21Hs,10.4,99,1,0.0,-24.85 -65.48
SALTA_AERO,06/AGO/2022,00Hs,8.4,251,2,0.0,-24.85 -65.48
SALTA_AERO,06/AGO/2022,03Hs,7.4,267,4,0.0,-24.85 -65.48
SALTA_AERO,06/AGO/2022,06Hs,6.6,237,7,0.0,-24.85 -65.48
SALTA_AERO,06/AGO/2022,09Hs,9.2,271,3,0.0,-24.85 -65.48
SALTA_AERO,06/AGO/2022,12Hs,17.3,79,6,0.0,-24.85 -65.48
SALTA_AERO,06/AGO/2022,15Hs,20.4,83,10,0.0,-24.85 -65.48
SALTA_AERO,06/AGO/2022,18Hs,19.4,58,12,0.0,-24.85 -65.48
SALTA_AERO,06/AGO/2022,21Hs,12.3,204,6,0.0,-24.85 -65.48
SALTA_AERO,07/AGO/2022,00Hs,10.9,222,7,0.0,-24.85 -65.48
SALTA_AERO,07/AGO/2022,03Hs,10.0,229,6,0.0,-24.85 -65.48
SALTA_AERO,07/AGO/2022,06Hs,8.2,220,5,0.0,-24.85 -65.48
SALTA_AERO,07/AGO/2022,09Hs,9.9,176,4,0.0,-24.85 -65.48
SALTA_AERO,07/AGO/2022,12Hs,16.1,90,10,0.0,-24.85 -65.48
SALTA_AERO,07/AGO/2022,15Hs,19.2,71,11,0.0,-24.85 -65.48
SALTA_AERO,07/AGO/2022,18Hs,17.6,68,13,0.0,-24.85 -65.48
SALTA_AERO,07/AGO/2022,21Hs,10.7,157,6,0.0,-24.85 -65.48
SALTA_AERO,08/AGO/2022,00Hs,10.9,169,6,0.0,-24.85 -65.48
SALTA_AERO,08/AGO/2022,03Hs,9.8,162,6,0.0,-24.85 -65.48
SALTA_AERO,08/AGO/2022,06Hs,8.5,152,6,0.0,-24.85 -65.48
SALTA_AERO,08/AGO/2022,09Hs,8.3,158,7,0.0,-24.85 -65.48
SALTA_AERO,08/AGO/2022,12Hs,8.7,148,10,0.0,-24.85 -65.48
SALTA_AERO,08/AGO/2022,15Hs,9.7,149,13,0.0,-24.85 -65.48
SALTA_AERO,08/AGO/2022,18Hs,7.5,155,13,0.0,-24.85 -65.48
SALTA_AERO,08/AGO/2022,21Hs,5.5,167,13,0.0,-24.85 -65.48
SALTA_AERO,09/AGO/2022,00Hs,5.1,157,10,0.1,-24.85 -65.48
SALTA_AERO,09/AGO/2022,03Hs,4.6,144,8,0.6,-24.85 -65.48
SALTA_AERO,09/AGO/2022,06Hs,4.0,136,7,0.2,-24.85 -65.48
SALTA_AERO,09/AGO/2022,09Hs,3.9,129,6,0.4,-24.85 -65.48
SALTA_AERO,09/AGO/2022,12Hs,6.2,166,5,0.0,-24.85 -65.48
SALTA_AERO,09/AGO/2022,15Hs,11.1,196,5,0.0,-24.85 -65.48
SALTA_AERO,09/AGO/2022,18Hs,11.4,178,5,0.0,-24.85 -65.48
SALTA_AERO,09/AGO/2022,21Hs,5.8,213,6,0.0,-24.85 -65.48
SANTA_CRUZ_AERO,05/AGO/2022,00Hs,1.0,210,28,0.0,-36.6 -64.28
SANTA_CRUZ_AERO,05/AGO/2022,03Hs,1.4,207,29,0.0,-36.6 -64.28
SANTA_CRUZ_AERO,05/AGO/2022,06Hs,1.1,208,32,0.0,-36.6 -64.28
SANTA_CRUZ_AERO,05/AGO/2022,09Hs,0.6,208,29,0.0,-36.6 -64.28
SANTA_CRUZ_AERO,05/AGO/2022,12Hs,1.1,205,28,0.0,-36.6 -64.28
SANTA_CRUZ_AERO,05/AGO/2022,15Hs,2.4,198,24,0.0,-36.6 -64.28
SANTA_CRUZ_AERO,05/AGO/2022,18Hs,1.6,199,17,0.0,-36.6 -64.28
SANTA_CRUZ_AERO,05/AGO/2022,21Hs,1.2,215,15,0.0,-36.6 -64.28
SANTA_CRUZ_AERO,06/AGO/2022,00Hs,1.0,211,14,0.0,-36.6 -64.28
SANTA_CRUZ_AERO,06/AGO/2022,03Hs,1.1,201,14,0.0,-36.6 -64.28
SANTA_CRUZ_AERO,06/AGO/2022,06Hs,0.9,205,14,0.0,-36.6 -64.28
SANTA_CRUZ_AERO,06/AGO/2022,09Hs,1.0,206,12,0.0,-36.6 -64.28
SANTA_CRUZ_AERO,06/AGO/2022,12Hs,2.0,201,7,0.0,-36.6 -64.28
SANTA_CRUZ_AERO,06/AGO/2022,15Hs,2.0,207,5,0.2,-36.6 -64.28
SANTA_CRUZ_AERO,06/AGO/2022,18Hs,1.9,193,3,0.0,-36.6 -64.28
SANTA_CRUZ_AERO,06/AGO/2022,21Hs,1.9,67,3,0.0,-36.6 -64.28
SANTA_CRUZ_AERO,07/AGO/2022,00Hs,1.7,1,4,0.0,-36.6 -64.28
SANTA_CRUZ_AERO,07/AGO/2022,03Hs,1.6,319,7,0.0,-36.6 -64.28
SANTA_CRUZ_AERO,07/AGO/2022,06Hs,-0.0,1,8,0.0,-36.6 -64.28
SANTA_CRUZ_AERO,07/AGO/2022,09Hs,-0.6,1,13,0.0,-36.6 -64.28
SANTA_CRUZ_AERO,07/AGO/2022,12Hs,2.2,358,21,0.0,-36.6 -64.28
SANTA_CRUZ_AERO,07/AGO/2022,15Hs,4.1,2,28,0.0,-36.6 -64.28
SANTA_CRUZ_AERO,07/AGO/2022,18Hs,2.7,6,20,0.0,-36.6 -64.28
SANTA_CRUZ_AERO,07/AGO/2022,21Hs,0.5,19,19,0.0,-36.6 -64.28
SANTA_CRUZ_AERO,08/AGO/2022,00Hs,-0.5,9,20,0.0,-36.6 -64.28
SANTA_CRUZ_AERO,08/AGO/2022,03Hs,-0.6,3,20,0.0,-36.6 -64.28
SANTA_CRUZ_AERO,08/AGO/2022,06Hs,-0.8,1,19,0.0,-36.6 -64.28
SANTA_CRUZ_AERO,08/AGO/2022,09Hs,-1.2,359,20,0.0,-36.6 -64.28
SANTA_CRUZ_AERO,08/AGO/2022,12Hs,2.0,342,33,0.0,-36.6 -64.28
SANTA_CRUZ_AERO,08/AGO/2022,15Hs,4.0,340,33,0.0,-36.6 -64.28
SANTA_CRUZ_AERO,08/AGO/2022,18Hs,3.1,357,28,0.0,-36.6 -64.28
SANTA_CRUZ_AERO,08/AGO/2022,21Hs,2.5,4,34,0.0,-36.6 -64.28
SANTA_CRUZ_AERO,09/AGO/2022,00Hs,2.4,351,37,0.0,-36.6 -64.28
SANTA_CRUZ_AERO,09/AGO/2022,03Hs,1.7,335,29,0.0,-36.6 -64.28
SANTA_CRUZ_AERO,09/AGO/2022,06Hs,1.6,313,17,0.0,-36.6 -64.28
SANTA_CRUZ_AERO,09/AGO/2022,09Hs,1.8,194,8,0.0,-36.6 -64.28
SANTA_CRUZ_AERO,09/AGO/2022,12Hs,4.8,264,10,0.0,-36.6 -64.28
SANTA_CRUZ_AERO,09/AGO/2022,15Hs,5.1,176,9,0.0,-36.6 -64.28
SANTA_CRUZ_AERO,09/AGO/2022,18Hs,4.0,321,4,0.0,-36.6 -64.28
SANTA_CRUZ_AERO,09/AGO/2022,21Hs,2.8,318,11,0.0,-36.6 -64.28
SANTA_ROSA_AERO,05/AGO/2022,00Hs,7.6,163,10,0.0,-36.6 -64.28
SANTA_ROSA_AERO,05/AGO/2022,03Hs,6.2,92,5,0.0,-36.6 -64.28
SANTA_ROSA_AERO,05/AGO/2022,06Hs,5.2,52,4,0.0,-36.6 -64.28
SANTA_ROSA_AERO,05/AGO/2022,09Hs,6.1,53,8,0.0,-36.6 -64.28
SANTA_ROSA_AERO,05/AGO/2022,12Hs,11.8,62,9,0.0,-36.6 -64.28
SANTA_ROSA_AERO,05/AGO/2022,15Hs,15.1,79,9,0.0,-36.6 -64.28
SANTA_ROSA_AERO,05/AGO/2022,18Hs,13.1,141,19,0.0,-36.6 -64.28
SANTA_ROSA_AERO,05/AGO/2022,21Hs,9.9,129,22,0.0,-36.6 -64.28
SANTA_ROSA_AERO,06/AGO/2022,00Hs,8.2,138,26,0.1,-36.6 -64.28
SANTA_ROSA_AERO,06/AGO/2022,03Hs,6.2,140,26,1.2,-36.6 -64.28
SANTA_ROSA_AERO,06/AGO/2022,06Hs,5.1,124,27,0.0,-36.6 -64.28
SANTA_ROSA_AERO,06/AGO/2022,09Hs,4.9,130,27,0.0,-36.6 -64.28
SANTA_ROSA_AERO,06/AGO/2022,12Hs,7.4,111,28,0.0,-36.6 -64.28
SANTA_ROSA_AERO,06/AGO/2022,15Hs,10.5,105,24,0.0,-36.6 -64.28
SANTA_ROSA_AERO,06/AGO/2022,18Hs,9.8,138,20,0.0,-36.6 -64.28
SANTA_ROSA_AERO,06/AGO/2022,21Hs,6.0,140,23,0.0,-36.6 -64.28
SANTA_ROSA_AERO,07/AGO/2022,00Hs,5.9,124,22,1.6,-36.6 -64.28
SANTA_ROSA_AERO,07/AGO/2022,03Hs,5.8,118,20,0.7,-36.6 -64.28
SANTA_ROSA_AERO,07/AGO/2022,06Hs,5.2,122,20,0.3,-36.6 -64.28
SANTA_ROSA_AERO,07/AGO/2022,09Hs,5.1,110,21,0.0,-36.6 -64.28
SANTA_ROSA_AERO,07/AGO/2022,12Hs,8.2,90,21,0.0,-36.6 -64.28
SANTA_ROSA_AERO,07/AGO/2022,15Hs,11.1,90,20,0.0,-36.6 -64.28
SANTA_ROSA_AERO,07/AGO/2022,18Hs,8.7,130,24,0.0,-36.6 -64.28
SANTA_ROSA_AERO,07/AGO/2022,21Hs,7.4,122,21,0.0,-36.6 -64.28
SANTA_ROSA_AERO,08/AGO/2022,00Hs,7.0,120,16,0.0,-36.6 -64.28
SANTA_ROSA_AERO,08/AGO/2022,03Hs,6.7,124,14,0.0,-36.6 -64.28
SANTA_ROSA_AERO,08/AGO/2022,06Hs,6.2,114,12,0.1,-36.6 -64.28
SANTA_ROSA_AERO,08/AGO/2022,09Hs,5.8,116,12,0.0,-36.6 -64.28
SANTA_ROSA_AERO,08/AGO/2022,12Hs,7.2,104,13,0.0,-36.6 -64.28
SANTA_ROSA_AERO,08/AGO/2022,15Hs,8.6,127,9,0.0,-36.6 -64.28
SANTA_ROSA_AERO,08/AGO/2022,18Hs,9.2,164,11,0.0,-36.6 -64.28
SANTA_ROSA_AERO,08/AGO/2022,21Hs,7.8,161,10,0.0,-36.6 -64.28
SANTA_ROSA_AERO,09/AGO/2022,00Hs,7.5,146,9,0.0,-36.6 -64.28
SANTA_ROSA_AERO,09/AGO/2022,03Hs,7.4,91,7,0.0,-36.6 -64.28
SANTA_ROSA_AERO,09/AGO/2022,06Hs,7.1,57,12,0.0,-36.6 -64.28
SANTA_ROSA_AERO,09/AGO/2022,09Hs,4.9,12,9,0.0,-36.6 -64.28
SANTA_ROSA_AERO,09/AGO/2022,12Hs,11.2,12,18,0.0,-36.6 -64.28
SANTA_ROSA_AERO,09/AGO/2022,15Hs,13.9,1,21,0.0,-36.6 -64.28
SANTA_ROSA_AERO,09/AGO/2022,18Hs,13.0,6,20,0.0,-36.6 -64.28
SANTA_ROSA_AERO,09/AGO/2022,21Hs,8.3,22,15,0.0,-36.6 -64.28
SANTA_ROSA_DE_CONLARA_AERO,05/AGO/2022,00Hs,9.2,30,7,0.0,-36.6 -64.28
SANTA_ROSA_DE_CONLARA_AERO,05/AGO/2022,03Hs,8.5,5,10,0.0,-36.6 -64.28
SANTA_ROSA_DE_CONLARA_AERO,05/AGO/2022,06Hs,7.3,12,9,0.0,-36.6 -64.28
SANTA_ROSA_DE_CONLARA_AERO,05/AGO/2022,09Hs,7.9,27,7,0.0,-36.6 -64.28
SANTA_ROSA_DE_CONLARA_AERO,05/AGO/2022,12Hs,13.9,357,14,0.0,-36.6 -64.28
SANTA_ROSA_DE_CONLARA_AERO,05/AGO/2022,15Hs,16.5,359,24,0.0,-36.6 -64.28
SANTA_ROSA_DE_CONLARA_AERO,05/AGO/2022,18Hs,15.6,348,15,0.0,-36.6 -64.28
SANTA_ROSA_DE_CONLARA_AERO,05/AGO/2022,21Hs,10.4,6,7,0.0,-36.6 -64.28
SANTA_ROSA_DE_CONLARA_AERO,06/AGO/2022,00Hs,9.0,69,8,0.0,-36.6 -64.28
SANTA_ROSA_DE_CONLARA_AERO,06/AGO/2022,03Hs,7.1,72,2,0.0,-36.6 -64.28
SANTA_ROSA_DE_CONLARA_AERO,06/AGO/2022,06Hs,6.3,37,1,0.0,-36.6 -64.28
SANTA_ROSA_DE_CONLARA_AERO,06/AGO/2022,09Hs,8.2,121,0,0.0,-36.6 -64.28
SANTA_ROSA_DE_CONLARA_AERO,06/AGO/2022,12Hs,13.5,345,5,0.0,-36.6 -64.28
SANTA_ROSA_DE_CONLARA_AERO,06/AGO/2022,15Hs,15.8,6,10,0.0,-36.6 -64.28
SANTA_ROSA_DE_CONLARA_AERO,06/AGO/2022,18Hs,13.5,124,19,0.0,-36.6 -64.28
SANTA_ROSA_DE_CONLARA_AERO,06/AGO/2022,21Hs,11.3,101,18,0.0,-36.6 -64.28
SANTA_ROSA_DE_CONLARA_AERO,07/AGO/2022,00Hs,10.1,108,11,0.0,-36.6 -64.28
SANTA_ROSA_DE_CONLARA_AERO,07/AGO/2022,03Hs,9.4,104,7,0.0,-36.6 -64.28
SANTA_ROSA_DE_CONLARA_AERO,07/AGO/2022,06Hs,9.0,19,20,0.0,-36.6 -64.28
SANTA_ROSA_DE_CONLARA_AERO,07/AGO/2022,09Hs,7.8,25,10,0.0,-36.6 -64.28
SANTA_ROSA_DE_CONLARA_AERO,07/AGO/2022,12Hs,9.8,18,15,0.0,-36.6 -64.28
SANTA_ROSA_DE_CONLARA_AERO,07/AGO/2022,15Hs,12.2,351,11,0.0,-36.6 -64.28
SANTA_ROSA_DE_CONLARA_AERO,07/AGO/2022,18Hs,8.3,334,6,1.1,-36.6 -64.28
SANTA_ROSA_DE_CONLARA_AERO,07/AGO/2022,21Hs,6.5,238,8,4.3,-36.6 -64.28
SANTA_ROSA_DE_CONLARA_AERO,08/AGO/2022,00Hs,5.7,65,15,1.7,-36.6 -64.28
SANTA_ROSA_DE_CONLARA_AERO,08/AGO/2022,03Hs,6.0,360,6,0.9,-36.6 -64.28
SANTA_ROSA_DE_CONLARA_AERO,08/AGO/2022,06Hs,4.9,28,11,1.9,-36.6 -64.28
SANTA_ROSA_DE_CONLARA_AERO,08/AGO/2022,09Hs,4.5,21,11,1.2,-36.6 -64.28
SANTA_ROSA_DE_CONLARA_AERO,08/AGO/2022,12Hs,4.2,18,19,0.8,-36.6 -64.28
SANTA_ROSA_DE_CONLARA_AERO,08/AGO/2022,15Hs,3.8,37,9,0.6,-36.6 -64.28
SANTA_ROSA_DE_CONLARA_AERO,08/AGO/2022,18Hs,4.3,175,10,0.2,-36.6 -64.28
SANTA_ROSA_DE_CONLARA_AERO,08/AGO/2022,21Hs,4.0,163,15,0.0,-36.6 -64.28
SANTA_ROSA_DE_CONLARA_AERO,09/AGO/2022,00Hs,3.3,161,16,0.0,-36.6 -64.28
SANTA_ROSA_DE_CONLARA_AERO,09/AGO/2022,03Hs,4.9,175,13,0.0,-36.6 -64.28
SANTA_ROSA_DE_CONLARA_AERO,09/AGO/2022,06Hs,4.9,187,16,0.0,-36.6 -64.28
SANTA_ROSA_DE_CONLARA_AERO,09/AGO/2022,09Hs,4.3,132,9,0.0,-36.6 -64.28
SANTA_ROSA_DE_CONLARA_AERO,09/AGO/2022,12Hs,8.7,56,7,0.0,-36.6 -64.28
SANTA_ROSA_DE_CONLARA_AERO,09/AGO/2022,15Hs,10.8,317,8,0.0,-36.6 -64.28
SANTA_ROSA_DE_CONLARA_AERO,09/AGO/2022,18Hs,11.0,2,12,0.0,-36.6 -64.28
SANTA_ROSA_DE_CONLARA_AERO,09/AGO/2022,21Hs,7.7,49,11,0.0,-36.6 -64.28
SANTA_TERESITA_AERO,05/AGO/2022,00Hs,7.6,198,14,0.0,-36.6 -64.28
SANTA_TERESITA_AERO,05/AGO/2022,03Hs,6.9,233,16,0.0,-36.6 -64.28
SANTA_TERESITA_AERO,05/AGO/2022,06Hs,6.9,242,18,0.0,-36.6 -64.28
SANTA_TERESITA_AERO,05/AGO/2022,09Hs,6.4,219,18,0.0,-36.6 -64.28
SANTA_TERESITA_AERO,05/AGO/2022,12Hs,8.0,218,14,0.0,-36.6 -64.28
SANTA_TERESITA_AERO,05/AGO/2022,15Hs,9.6,296,3,0.0,-36.6 -64.28
SANTA_TERESITA_AERO,05/AGO/2022,18Hs,8.8,122,11,0.0,-36.6 -64.28
SANTA_TERESITA_AERO,05/AGO/2022,21Hs,9.1,66,11,0.0,-36.6 -64.28
SANTA_TERESITA_AERO,06/AGO/2022,00Hs,9.3,29,18,0.0,-36.6 -64.28
SANTA_TERESITA_AERO,06/AGO/2022,03Hs,9.5,2,15,0.0,-36.6 -64.28
SANTA_TERESITA_AERO,06/AGO/2022,06Hs,9.5,342,13,0.0,-36.6 -64.28
SANTA_TERESITA_AERO,06/AGO/2022,09Hs,9.0,224,11,0.0,-36.6 -64.28
SANTA_TERESITA_AERO,06/AGO/2022,12Hs,8.4,164,11,0.0,-36.6 -64.28
SANTA_TERESITA_AERO,06/AGO/2022,15Hs,8.8,144,18,0.0,-36.6 -64.28
SANTA_TERESITA_AERO,06/AGO/2022,18Hs,9.1,141,22,0.0,-36.6 -64.28
SANTA_TERESITA_AERO,06/AGO/2022,21Hs,8.8,124,23,0.0,-36.6 -64.28
SANTA_TERESITA_AERO,07/AGO/2022,00Hs,8.7,122,20,0.0,-36.6 -64.28
SANTA_TERESITA_AERO,07/AGO/2022,03Hs,8.5,127,20,0.0,-36.6 -64.28
SANTA_TERESITA_AERO,07/AGO/2022,06Hs,8.4,143,22,0.0,-36.6 -64.28
SANTA_TERESITA_AERO,07/AGO/2022,09Hs,8.1,134,28,0.0,-36.6 -64.28
SANTA_TERESITA_AERO,07/AGO/2022,12Hs,7.9,119,22,0.0,-36.6 -64.28
SANTA_TERESITA_AERO,07/AGO/2022,15Hs,7.9,129,24,0.0,-36.6 -64.28
SANTA_TERESITA_AERO,07/AGO/2022,18Hs,7.7,126,22,0.0,-36.6 -64.28
SANTA_TERESITA_AERO,07/AGO/2022,21Hs,8.2,114,27,0.0,-36.6 -64.28
SANTA_TERESITA_AERO,08/AGO/2022,00Hs,8.6,104,25,0.0,-36.6 -64.28
SANTA_TERESITA_AERO,08/AGO/2022,03Hs,9.0,110,24,0.0,-36.6 -64.28
SANTA_TERESITA_AERO,08/AGO/2022,06Hs,9.2,123,24,0.0,-36.6 -64.28
SANTA_TERESITA_AERO,08/AGO/2022,09Hs,9.5,126,26,0.0,-36.6 -64.28
SANTA_TERESITA_AERO,08/AGO/2022,12Hs,10.0,136,24,0.0,-36.6 -64.28
SANTA_TERESITA_AERO,08/AGO/2022,15Hs,9.8,131,26,0.0,-36.6 -64.28
SANTA_TERESITA_AERO,08/AGO/2022,18Hs,9.8,119,28,0.1,-36.6 -64.28
SANTA_TERESITA_AERO,08/AGO/2022,21Hs,9.7,109,32,0.1,-36.6 -64.28
SANTA_TERESITA_AERO,09/AGO/2022,00Hs,9.7,107,27,0.1,-36.6 -64.28
SANTA_TERESITA_AERO,09/AGO/2022,03Hs,9.8,104,24,0.2,-36.6 -64.28
SANTA_TERESITA_AERO,09/AGO/2022,06Hs,9.9,101,23,0.0,-36.6 -64.28
SANTA_TERESITA_AERO,09/AGO/2022,09Hs,9.7,102,23,0.0,-36.6 -64.28
SANTA_TERESITA_AERO,09/AGO/2022,12Hs,9.8,99,20,0.0,-36.6 -64.28
SANTA_TERESITA_AERO,09/AGO/2022,15Hs,9.8,116,18,0.0,-36.6 -64.28
SANTA_TERESITA_AERO,09/AGO/2022,18Hs,9.6,112,18,0.0,-36.6 -64.28
SANTA_TERESITA_AERO,09/AGO/2022,21Hs,9.6,105,21,0.0,-36.6 -64.28
SANTIAGO_DEL_ESTERO_AERO,05/AGO/2022,00Hs,12.0,75,13,0.0,-27.75 -64.3
SANTIAGO_DEL_ESTERO_AERO,05/AGO/2022,03Hs,10.1,51,11,0.0,-27.75 -64.3
SANTIAGO_DEL_ESTERO_AERO,05/AGO/2022,06Hs,8.8,51,9,0.0,-27.75 -64.3
SANTIAGO_DEL_ESTERO_AERO,05/AGO/2022,09Hs,9.7,43,10,0.0,-27.75 -64.3
SANTIAGO_DEL_ESTERO_AERO,05/AGO/2022,12Hs,17.5,36,17,0.0,-27.75 -64.3
SANTIAGO_DEL_ESTERO_AERO,05/AGO/2022,15Hs,21.4,49,18,0.0,-27.75 -64.3
SANTIAGO_DEL_ESTERO_AERO,05/AGO/2022,18Hs,21.3,54,17,0.0,-27.75 -64.3
SANTIAGO_DEL_ESTERO_AERO,05/AGO/2022,21Hs,15.1,76,17,0.0,-27.75 -64.3
SANTIAGO_DEL_ESTERO_AERO,06/AGO/2022,00Hs,12.5,76,15,0.0,-27.75 -64.3
SANTIAGO_DEL_ESTERO_AERO,06/AGO/2022,03Hs,10.4,67,10,0.0,-27.75 -64.3
SANTIAGO_DEL_ESTERO_AERO,06/AGO/2022,06Hs,9.1,89,11,0.0,-27.75 -64.3
SANTIAGO_DEL_ESTERO_AERO,06/AGO/2022,09Hs,10.2,130,9,0.0,-27.75 -64.3
SANTIAGO_DEL_ESTERO_AERO,06/AGO/2022,12Hs,17.6,50,11,0.0,-27.75 -64.3
SANTIAGO_DEL_ESTERO_AERO,06/AGO/2022,15Hs,22.0,80,10,0.0,-27.75 -64.3
SANTIAGO_DEL_ESTERO_AERO,06/AGO/2022,18Hs,21.9,131,11,0.0,-27.75 -64.3
SANTIAGO_DEL_ESTERO_AERO,06/AGO/2022,21Hs,15.6,116,20,0.0,-27.75 -64.3
SANTIAGO_DEL_ESTERO_AERO,07/AGO/2022,00Hs,12.1,115,14,0.0,-27.75 -64.3
SANTIAGO_DEL_ESTERO_AERO,07/AGO/2022,03Hs,11.8,158,9,0.0,-27.75 -64.3
SANTIAGO_DEL_ESTERO_AERO,07/AGO/2022,06Hs,11.6,163,11,0.0,-27.75 -64.3
SANTIAGO_DEL_ESTERO_AERO,07/AGO/2022,09Hs,11.5,163,13,0.0,-27.75 -64.3
SANTIAGO_DEL_ESTERO_AERO,07/AGO/2022,12Hs,13.9,139,14,0.0,-27.75 -64.3
SANTIAGO_DEL_ESTERO_AERO,07/AGO/2022,15Hs,15.2,137,15,0.0,-27.75 -64.3
SANTIAGO_DEL_ESTERO_AERO,07/AGO/2022,18Hs,15.4,131,11,0.0,-27.75 -64.3
SANTIAGO_DEL_ESTERO_AERO,07/AGO/2022,21Hs,14.3,108,2,0.0,-27.75 -64.3
SANTIAGO_DEL_ESTERO_AERO,08/AGO/2022,00Hs,14.0,153,10,0.0,-27.75 -64.3
SANTIAGO_DEL_ESTERO_AERO,08/AGO/2022,03Hs,13.0,165,13,0.0,-27.75 -64.3
SANTIAGO_DEL_ESTERO_AERO,08/AGO/2022,06Hs,12.2,174,14,0.0,-27.75 -64.3
SANTIAGO_DEL_ESTERO_AERO,08/AGO/2022,09Hs,12.0,180,19,0.0,-27.75 -64.3
SANTIAGO_DEL_ESTERO_AERO,08/AGO/2022,12Hs,12.2,187,23,0.0,-27.75 -64.3
SANTIAGO_DEL_ESTERO_AERO,08/AGO/2022,15Hs,14.4,189,23,0.0,-27.75 -64.3
SANTIAGO_DEL_ESTERO_AERO,08/AGO/2022,18Hs,14.6,192,24,0.0,-27.75 -64.3
SANTIAGO_DEL_ESTERO_AERO,08/AGO/2022,21Hs,10.7,199,15,0.0,-27.75 -64.3
SANTIAGO_DEL_ESTERO_AERO,09/AGO/2022,00Hs,8.9,193,23,0.0,-27.75 -64.3
SANTIAGO_DEL_ESTERO_AERO,09/AGO/2022,03Hs,7.4,197,22,0.0,-27.75 -64.3
SANTIAGO_DEL_ESTERO_AERO,09/AGO/2022,06Hs,7.6,202,26,0.0,-27.75 -64.3
SANTIAGO_DEL_ESTERO_AERO,09/AGO/2022,09Hs,8.7,205,24,0.0,-27.75 -64.3
SANTIAGO_DEL_ESTERO_AERO,09/AGO/2022,12Hs,13.9,190,28,0.0,-27.75 -64.3
SANTIAGO_DEL_ESTERO_AERO,09/AGO/2022,15Hs,16.5,178,25,0.0,-27.75 -64.3
SANTIAGO_DEL_ESTERO_AERO,09/AGO/2022,18Hs,14.8,156,22,0.0,-27.75 -64.3
SANTIAGO_DEL_ESTERO_AERO,09/AGO/2022,21Hs,9.3,113,12,0.0,-27.75 -64.3
SAN_ANTONIO_OESTE_AERO,05/AGO/2022,00Hs,8.5,195,7,0.0,-68.13 -67.1
SAN_ANTONIO_OESTE_AERO,05/AGO/2022,03Hs,7.9,127,16,0.0,-68.13 -67.1
SAN_ANTONIO_OESTE_AERO,05/AGO/2022,06Hs,6.9,170,14,0.0,-68.13 -67.1
SAN_ANTONIO_OESTE_AERO,05/AGO/2022,09Hs,6.0,201,20,0.0,-68.13 -67.1
SAN_ANTONIO_OESTE_AERO,05/AGO/2022,12Hs,7.6,188,18,0.0,-68.13 -67.1
SAN_ANTONIO_OESTE_AERO,05/AGO/2022,15Hs,8.7,158,12,0.0,-68.13 -67.1
SAN_ANTONIO_OESTE_AERO,05/AGO/2022,18Hs,8.8,143,15,0.0,-68.13 -67.1
SAN_ANTONIO_OESTE_AERO,05/AGO/2022,21Hs,7.7,178,29,0.0,-68.13 -67.1
SAN_ANTONIO_OESTE_AERO,06/AGO/2022,00Hs,6.3,190,27,0.0,-68.13 -67.1
SAN_ANTONIO_OESTE_AERO,06/AGO/2022,03Hs,5.9,187,25,0.0,-68.13 -67.1
SAN_ANTONIO_OESTE_AERO,06/AGO/2022,06Hs,6.3,177,26,0.0,-68.13 -67.1
SAN_ANTONIO_OESTE_AERO,06/AGO/2022,09Hs,6.5,169,27,0.0,-68.13 -67.1
SAN_ANTONIO_OESTE_AERO,06/AGO/2022,12Hs,6.9,165,27,0.1,-68.13 -67.1
SAN_ANTONIO_OESTE_AERO,06/AGO/2022,15Hs,7.2,166,29,0.1,-68.13 -67.1
SAN_ANTONIO_OESTE_AERO,06/AGO/2022,18Hs,7.7,159,25,0.0,-68.13 -67.1
SAN_ANTONIO_OESTE_AERO,06/AGO/2022,21Hs,7.3,113,25,0.5,-68.13 -67.1
SAN_ANTONIO_OESTE_AERO,07/AGO/2022,00Hs,7.0,103,23,0.2,-68.13 -67.1
SAN_ANTONIO_OESTE_AERO,07/AGO/2022,03Hs,6.2,98,18,0.0,-68.13 -67.1
SAN_ANTONIO_OESTE_AERO,07/AGO/2022,06Hs,6.1,88,17,0.2,-68.13 -67.1
SAN_ANTONIO_OESTE_AERO,07/AGO/2022,09Hs,6.0,92,17,0.0,-68.13 -67.1
SAN_ANTONIO_OESTE_AERO,07/AGO/2022,12Hs,7.3,84,22,0.1,-68.13 -67.1
SAN_ANTONIO_OESTE_AERO,07/AGO/2022,15Hs,8.6,94,20,0.1,-68.13 -67.1
SAN_ANTONIO_OESTE_AERO,07/AGO/2022,18Hs,7.8,105,24,0.2,-68.13 -67.1
SAN_ANTONIO_OESTE_AERO,07/AGO/2022,21Hs,6.7,99,22,0.0,-68.13 -67.1
SAN_ANTONIO_OESTE_AERO,08/AGO/2022,00Hs,6.1,81,14,0.0,-68.13 -67.1
SAN_ANTONIO_OESTE_AERO,08/AGO/2022,03Hs,5.6,54,10,0.0,-68.13 -67.1
SAN_ANTONIO_OESTE_AERO,08/AGO/2022,06Hs,5.2,7,4,0.0,-68.13 -67.1
SAN_ANTONIO_OESTE_AERO,08/AGO/2022,09Hs,5.8,302,2,0.0,-68.13 -67.1
SAN_ANTONIO_OESTE_AERO,08/AGO/2022,12Hs,7.3,343,5,0.0,-68.13 -67.1
SAN_ANTONIO_OESTE_AERO,08/AGO/2022,15Hs,8.8,350,9,0.0,-68.13 -67.1
SAN_ANTONIO_OESTE_AERO,08/AGO/2022,18Hs,8.7,328,13,0.0,-68.13 -67.1
SAN_ANTONIO_OESTE_AERO,08/AGO/2022,21Hs,7.6,316,11,0.0,-68.13 -67.1
SAN_ANTONIO_OESTE_AERO,09/AGO/2022,00Hs,6.4,309,16,0.0,-68.13 -67.1
SAN_ANTONIO_OESTE_AERO,09/AGO/2022,03Hs,5.8,310,17,0.0,-68.13 -67.1
SAN_ANTONIO_OESTE_AERO,09/AGO/2022,06Hs,5.8,334,22,0.0,-68.13 -67.1
SAN_ANTONIO_OESTE_AERO,09/AGO/2022,09Hs,5.6,339,24,0.0,-68.13 -67.1
SAN_ANTONIO_OESTE_AERO,09/AGO/2022,12Hs,9.8,328,37,0.0,-68.13 -67.1
SAN_ANTONIO_OESTE_AERO,09/AGO/2022,15Hs,11.9,320,43,0.0,-68.13 -67.1
SAN_ANTONIO_OESTE_AERO,09/AGO/2022,18Hs,12.0,326,33,0.0,-68.13 -67.1
SAN_ANTONIO_OESTE_AERO,09/AGO/2022,21Hs,10.7,338,27,0.0,-68.13 -67.1
SAN_CARLOS_(MZA),05/AGO/2022,00Hs,7.6,36,6,0.0,-68.13 -67.1
SAN_CARLOS_(MZA),05/AGO/2022,03Hs,6.2,81,4,0.0,-68.13 -67.1
SAN_CARLOS_(MZA),05/AGO/2022,06Hs,5.0,87,4,0.0,-68.13 -67.1
SAN_CARLOS_(MZA),05/AGO/2022,09Hs,5.9,114,4,0.0,-68.13 -67.1
SAN_CARLOS_(MZA),05/AGO/2022,12Hs,11.4,65,5,0.0,-68.13 -67.1
SAN_CARLOS_(MZA),05/AGO/2022,15Hs,14.6,73,12,0.0,-68.13 -67.1
SAN_CARLOS_(MZA),05/AGO/2022,18Hs,14.5,83,10,0.0,-68.13 -67.1
SAN_CARLOS_(MZA),05/AGO/2022,21Hs,10.4,145,8,0.0,-68.13 -67.1
SAN_CARLOS_(MZA),06/AGO/2022,00Hs,9.2,137,20,0.0,-68.13 -67.1
SAN_CARLOS_(MZA),06/AGO/2022,03Hs,6.4,149,15,0.0,-68.13 -67.1
SAN_CARLOS_(MZA),06/AGO/2022,06Hs,4.7,148,23,0.0,-68.13 -67.1
SAN_CARLOS_(MZA),06/AGO/2022,09Hs,3.5,149,21,0.0,-68.13 -67.1
SAN_CARLOS_(MZA),06/AGO/2022,12Hs,8.2,148,18,0.0,-68.13 -67.1
SAN_CARLOS_(MZA),06/AGO/2022,15Hs,9.7,135,22,0.0,-68.13 -67.1
SAN_CARLOS_(MZA),06/AGO/2022,18Hs,5.1,133,30,0.0,-68.13 -67.1
SAN_CARLOS_(MZA),06/AGO/2022,21Hs,3.0,145,28,0.0,-68.13 -67.1
SAN_CARLOS_(MZA),07/AGO/2022,00Hs,2.8,157,18,0.0,-68.13 -67.1
SAN_CARLOS_(MZA),07/AGO/2022,03Hs,2.3,171,14,1.6,-68.13 -67.1
SAN_CARLOS_(MZA),07/AGO/2022,06Hs,2.0,170,15,1.1,-68.13 -67.1
SAN_CARLOS_(MZA),07/AGO/2022,09Hs,1.6,178,15,0.7,-68.13 -67.1
SAN_CARLOS_(MZA),07/AGO/2022,12Hs,1.9,178,13,0.4,-68.13 -67.1
SAN_CARLOS_(MZA),07/AGO/2022,15Hs,2.8,159,20,0.0,-68.13 -67.1
SAN_CARLOS_(MZA),07/AGO/2022,18Hs,3.0,162,22,0.0,-68.13 -67.1
SAN_CARLOS_(MZA),07/AGO/2022,21Hs,1.6,172,25,0.0,-68.13 -67.1
SAN_CARLOS_(MZA),08/AGO/2022,00Hs,1.6,164,23,0.0,-68.13 -67.1
SAN_CARLOS_(MZA),08/AGO/2022,03Hs,1.2,171,21,0.0,-68.13 -67.1
SAN_CARLOS_(MZA),08/AGO/2022,06Hs,1.6,166,21,0.0,-68.13 -67.1
SAN_CARLOS_(MZA),08/AGO/2022,09Hs,2.5,181,17,0.0,-68.13 -67.1
SAN_CARLOS_(MZA),08/AGO/2022,12Hs,3.6,168,16,0.0,-68.13 -67.1
SAN_CARLOS_(MZA),08/AGO/2022,15Hs,6.1,162,20,0.0,-68.13 -67.1
SAN_CARLOS_(MZA),08/AGO/2022,18Hs,3.7,140,25,0.0,-68.13 -67.1
SAN_CARLOS_(MZA),08/AGO/2022,21Hs,2.6,122,18,0.0,-68.13 -67.1
SAN_CARLOS_(MZA),09/AGO/2022,00Hs,2.6,98,9,0.0,-68.13 -67.1
SAN_CARLOS_(MZA),09/AGO/2022,03Hs,2.5,47,6,0.0,-68.13 -67.1
SAN_CARLOS_(MZA),09/AGO/2022,06Hs,0.9,59,9,0.0,-68.13 -67.1
SAN_CARLOS_(MZA),09/AGO/2022,09Hs,0.7,45,10,0.0,-68.13 -67.1
SAN_CARLOS_(MZA),09/AGO/2022,12Hs,5.3,1,18,0.0,-68.13 -67.1
SAN_CARLOS_(MZA),09/AGO/2022,15Hs,8.5,11,23,0.0,-68.13 -67.1
SAN_CARLOS_(MZA),09/AGO/2022,18Hs,9.3,14,21,0.0,-68.13 -67.1
SAN_CARLOS_(MZA),09/AGO/2022,21Hs,6.8,31,14,0.0,-68.13 -67.1
SAN_FERNANDO,05/AGO/2022,00Hs,5.8,250,3,0.0,-68.13 -67.1
SAN_FERNANDO,05/AGO/2022,03Hs,5.0,249,4,0.0,-68.13 -67.1
SAN_FERNANDO,05/AGO/2022,06Hs,4.2,257,5,0.0,-68.13 -67.1
SAN_FERNANDO,05/AGO/2022,09Hs,6.6,223,3,0.0,-68.13 -67.1
SAN_FERNANDO,05/AGO/2022,12Hs,14.7,234,4,0.0,-68.13 -67.1
SAN_FERNANDO,05/AGO/2022,15Hs,16.6,207,6,0.0,-68.13 -67.1
SAN_FERNANDO,05/AGO/2022,18Hs,11.6,111,6,0.0,-68.13 -67.1
SAN_FERNANDO,05/AGO/2022,21Hs,7.6,71,6,0.0,-68.13 -67.1
SAN_FERNANDO,06/AGO/2022,00Hs,6.6,74,6,0.0,-68.13 -67.1
SAN_FERNANDO,06/AGO/2022,03Hs,5.6,50,5,0.0,-68.13 -67.1
SAN_FERNANDO,06/AGO/2022,06Hs,4.3,39,5,0.0,-68.13 -67.1
SAN_FERNANDO,06/AGO/2022,09Hs,6.6,60,6,0.0,-68.13 -67.1
SAN_FERNANDO,06/AGO/2022,12Hs,14.2,91,7,0.0,-68.13 -67.1
SAN_FERNANDO,06/AGO/2022,15Hs,14.4,109,12,0.0,-68.13 -67.1
SAN_FERNANDO,06/AGO/2022,18Hs,10.0,118,11,0.0,-68.13 -67.1
SAN_FERNANDO,06/AGO/2022,21Hs,9.7,107,12,0.0,-68.13 -67.1
SAN_FERNANDO,07/AGO/2022,00Hs,9.2,101,11,0.0,-68.13 -67.1
SAN_FERNANDO,07/AGO/2022,03Hs,7.6,100,10,0.0,-68.13 -67.1
SAN_FERNANDO,07/AGO/2022,06Hs,7.0,101,9,0.0,-68.13 -67.1
SAN_FERNANDO,07/AGO/2022,09Hs,8.8,103,11,0.0,-68.13 -67.1
SAN_FERNANDO,07/AGO/2022,12Hs,12.8,108,16,0.0,-68.13 -67.1
SAN_FERNANDO,07/AGO/2022,15Hs,12.4,114,17,0.0,-68.13 -67.1
SAN_FERNANDO,07/AGO/2022,18Hs,9.7,121,15,0.0,-68.13 -67.1
SAN_FERNANDO,07/AGO/2022,21Hs,8.8,120,14,0.0,-68.13 -67.1
SAN_FERNANDO,08/AGO/2022,00Hs,8.4,108,11,0.0,-68.13 -67.1
SAN_FERNANDO,08/AGO/2022,03Hs,7.6,100,9,0.0,-68.13 -67.1
SAN_FERNANDO,08/AGO/2022,06Hs,7.2,101,9,0.0,-68.13 -67.1
SAN_FERNANDO,08/AGO/2022,09Hs,9.0,103,11,0.0,-68.13 -67.1
SAN_FERNANDO,08/AGO/2022,12Hs,12.8,106,16,0.0,-68.13 -67.1
SAN_FERNANDO,08/AGO/2022,15Hs,13.1,120,16,0.0,-68.13 -67.1
SAN_FERNANDO,08/AGO/2022,18Hs,11.0,122,13,0.0,-68.13 -67.1
SAN_FERNANDO,08/AGO/2022,21Hs,10.7,120,15,0.0,-68.13 -67.1
SAN_FERNANDO,09/AGO/2022,00Hs,10.6,122,10,0.0,-68.13 -67.1
SAN_FERNANDO,09/AGO/2022,03Hs,10.0,125,8,0.0,-68.13 -67.1
SAN_FERNANDO,09/AGO/2022,06Hs,9.3,137,7,0.0,-68.13 -67.1
SAN_FERNANDO,09/AGO/2022,09Hs,10.0,125,8,0.0,-68.13 -67.1
SAN_FERNANDO,09/AGO/2022,12Hs,13.7,115,14,0.0,-68.13 -67.1
SAN_FERNANDO,09/AGO/2022,15Hs,14.2,124,14,0.0,-68.13 -67.1
SAN_FERNANDO,09/AGO/2022,18Hs,10.8,123,11,0.0,-68.13 -67.1
SAN_FERNANDO,09/AGO/2022,21Hs,9.2,124,10,0.0,-68.13 -67.1
SAN_JUAN_AERO,05/AGO/2022,00Hs,11.8,63,15,0.0,-68.13 -67.1
SAN_JUAN_AERO,05/AGO/2022,03Hs,8.9,109,3,0.0,-68.13 -67.1
SAN_JUAN_AERO,05/AGO/2022,06Hs,7.2,230,3,0.0,-68.13 -67.1
SAN_JUAN_AERO,05/AGO/2022,09Hs,8.6,278,10,0.0,-68.13 -67.1
SAN_JUAN_AERO,05/AGO/2022,12Hs,14.1,255,6,0.0,-68.13 -67.1
SAN_JUAN_AERO,05/AGO/2022,15Hs,17.3,106,3,0.0,-68.13 -67.1
SAN_JUAN_AERO,05/AGO/2022,18Hs,18.3,207,11,0.0,-68.13 -67.1
SAN_JUAN_AERO,05/AGO/2022,21Hs,13.9,234,15,0.0,-68.13 -67.1
SAN_JUAN_AERO,06/AGO/2022,00Hs,11.2,238,11,0.0,-68.13 -67.1
SAN_JUAN_AERO,06/AGO/2022,03Hs,9.5,266,11,0.0,-68.13 -67.1
SAN_JUAN_AERO,06/AGO/2022,06Hs,8.5,279,14,0.0,-68.13 -67.1
SAN_JUAN_AERO,06/AGO/2022,09Hs,7.9,246,20,0.0,-68.13 -67.1
SAN_JUAN_AERO,06/AGO/2022,12Hs,12.1,215,25,0.0,-68.13 -67.1
SAN_JUAN_AERO,06/AGO/2022,15Hs,16.0,199,21,0.0,-68.13 -67.1
SAN_JUAN_AERO,06/AGO/2022,18Hs,13.9,187,28,0.0,-68.13 -67.1
SAN_JUAN_AERO,06/AGO/2022,21Hs,10.0,171,30,0.0,-68.13 -67.1
SAN_JUAN_AERO,07/AGO/2022,00Hs,8.3,189,21,0.0,-68.13 -67.1
SAN_JUAN_AERO,07/AGO/2022,03Hs,6.3,191,17,0.0,-68.13 -67.1
SAN_JUAN_AERO,07/AGO/2022,06Hs,5.3,175,18,0.0,-68.13 -67.1
SAN_JUAN_AERO,07/AGO/2022,09Hs,4.8,186,18,0.0,-68.13 -67.1
SAN_JUAN_AERO,07/AGO/2022,12Hs,5.3,210,18,0.0,-68.13 -67.1
SAN_JUAN_AERO,07/AGO/2022,15Hs,6.6,203,21,0.0,-68.13 -67.1
SAN_JUAN_AERO,07/AGO/2022,18Hs,5.5,199,23,0.0,-68.13 -67.1
SAN_JUAN_AERO,07/AGO/2022,21Hs,4.2,198,21,0.0,-68.13 -67.1
SAN_JUAN_AERO,08/AGO/2022,00Hs,3.9,211,21,0.2,-68.13 -67.1
SAN_JUAN_AERO,08/AGO/2022,03Hs,3.1,215,19,0.6,-68.13 -67.1
SAN_JUAN_AERO,08/AGO/2022,06Hs,3.0,216,18,0.0,-68.13 -67.1
SAN_JUAN_AERO,08/AGO/2022,09Hs,4.3,218,20,0.4,-68.13 -67.1
SAN_JUAN_AERO,08/AGO/2022,12Hs,4.5,209,21,0.2,-68.13 -67.1
SAN_JUAN_AERO,08/AGO/2022,15Hs,5.7,193,24,0.1,-68.13 -67.1
SAN_JUAN_AERO,08/AGO/2022,18Hs,6.4,185,21,0.0,-68.13 -67.1
SAN_JUAN_AERO,08/AGO/2022,21Hs,4.5,185,15,0.0,-68.13 -67.1
SAN_JUAN_AERO,09/AGO/2022,00Hs,5.0,239,11,0.0,-68.13 -67.1
SAN_JUAN_AERO,09/AGO/2022,03Hs,5.3,258,12,0.0,-68.13 -67.1
SAN_JUAN_AERO,09/AGO/2022,06Hs,3.1,292,8,0.0,-68.13 -67.1
SAN_JUAN_AERO,09/AGO/2022,09Hs,3.7,1,6,0.0,-68.13 -67.1
SAN_JUAN_AERO,09/AGO/2022,12Hs,8.7,6,4,0.0,-68.13 -67.1
SAN_JUAN_AERO,09/AGO/2022,15Hs,13.5,53,18,0.0,-68.13 -67.1
SAN_JUAN_AERO,09/AGO/2022,18Hs,13.6,65,25,0.0,-68.13 -67.1
SAN_JUAN_AERO,09/AGO/2022,21Hs,10.0,74,18,0.0,-68.13 -67.1
SAN_JULIAN_AERO,05/AGO/2022,00Hs,1.8,213,37,1.2,-68.13 -67.1
SAN_JULIAN_AERO,05/AGO/2022,03Hs,1.4,217,33,0.4,-68.13 -67.1
SAN_JULIAN_AERO,05/AGO/2022,06Hs,1.6,215,33,0.2,-68.13 -67.1
SAN_JULIAN_AERO,05/AGO/2022,09Hs,1.7,218,30,0.0,-68.13 -67.1
SAN_JULIAN_AERO,05/AGO/2022,12Hs,2.4,218,33,0.0,-68.13 -67.1
SAN_JULIAN_AERO,05/AGO/2022,15Hs,3.9,202,32,0.0,-68.13 -67.1
SAN_JULIAN_AERO,05/AGO/2022,18Hs,3.0,200,26,0.2,-68.13 -67.1
SAN_JULIAN_AERO,05/AGO/2022,21Hs,2.3,207,20,0.0,-68.13 -67.1
SAN_JULIAN_AERO,06/AGO/2022,00Hs,1.6,227,14,0.0,-68.13 -67.1
SAN_JULIAN_AERO,06/AGO/2022,03Hs,1.4,239,14,0.0,-68.13 -67.1
SAN_JULIAN_AERO,06/AGO/2022,06Hs,1.2,235,13,0.0,-68.13 -67.1
SAN_JULIAN_AERO,06/AGO/2022,09Hs,1.4,233,11,0.0,-68.13 -67.1
SAN_JULIAN_AERO,06/AGO/2022,12Hs,3.2,232,10,0.0,-68.13 -67.1
SAN_JULIAN_AERO,06/AGO/2022,15Hs,4.9,223,10,0.1,-68.13 -67.1
SAN_JULIAN_AERO,06/AGO/2022,18Hs,3.9,235,10,0.3,-68.13 -67.1
SAN_JULIAN_AERO,06/AGO/2022,21Hs,1.9,253,5,0.1,-68.13 -67.1
SAN_JULIAN_AERO,07/AGO/2022,00Hs,2.7,324,5,0.0,-68.13 -67.1
SAN_JULIAN_AERO,07/AGO/2022,03Hs,1.6,280,10,0.2,-68.13 -67.1
SAN_JULIAN_AERO,07/AGO/2022,06Hs,-0.4,355,5,0.0,-68.13 -67.1
SAN_JULIAN_AERO,07/AGO/2022,09Hs,-0.5,353,6,0.0,-68.13 -67.1
SAN_JULIAN_AERO,07/AGO/2022,12Hs,3.6,16,17,0.0,-68.13 -67.1
SAN_JULIAN_AERO,07/AGO/2022,15Hs,4.8,19,22,0.0,-68.13 -67.1
SAN_JULIAN_AERO,07/AGO/2022,18Hs,3.0,16,19,0.0,-68.13 -67.1
SAN_JULIAN_AERO,07/AGO/2022,21Hs,1.4,12,14,0.0,-68.13 -67.1
SAN_JULIAN_AERO,08/AGO/2022,00Hs,1.1,8,22,0.0,-68.13 -67.1
SAN_JULIAN_AERO,08/AGO/2022,03Hs,0.7,3,22,0.0,-68.13 -67.1
SAN_JULIAN_AERO,08/AGO/2022,06Hs,-0.2,2,19,0.0,-68.13 -67.1
SAN_JULIAN_AERO,08/AGO/2022,09Hs,-0.7,1,18,0.0,-68.13 -67.1
SAN_JULIAN_AERO,08/AGO/2022,12Hs,3.6,353,35,0.0,-68.13 -67.1
SAN_JULIAN_AERO,08/AGO/2022,15Hs,3.5,357,35,0.0,-68.13 -67.1
SAN_JULIAN_AERO,08/AGO/2022,18Hs,3.2,8,32,0.0,-68.13 -67.1
SAN_JULIAN_AERO,08/AGO/2022,21Hs,2.4,359,30,0.0,-68.13 -67.1
SAN_JULIAN_AERO,09/AGO/2022,00Hs,3.0,351,37,0.0,-68.13 -67.1
SAN_JULIAN_AERO,09/AGO/2022,03Hs,3.3,336,35,0.0,-68.13 -67.1
SAN_JULIAN_AERO,09/AGO/2022,06Hs,3.2,338,25,0.0,-68.13 -67.1
SAN_JULIAN_AERO,09/AGO/2022,09Hs,3.5,359,12,0.0,-68.13 -67.1
SAN_JULIAN_AERO,09/AGO/2022,12Hs,6.3,264,11,0.0,-68.13 -67.1
SAN_JULIAN_AERO,09/AGO/2022,15Hs,7.6,218,22,0.0,-68.13 -67.1
SAN_JULIAN_AERO,09/AGO/2022,18Hs,5.9,202,8,0.2,-68.13 -67.1
SAN_JULIAN_AERO,09/AGO/2022,21Hs,2.6,334,5,0.0,-68.13 -67.1
SAN_LUIS_AERO,05/AGO/2022,00Hs,9.9,71,20,0.0,-68.13 -67.1
SAN_LUIS_AERO,05/AGO/2022,03Hs,8.9,41,5,0.0,-68.13 -67.1
SAN_LUIS_AERO,05/AGO/2022,06Hs,7.8,6,5,0.0,-68.13 -67.1
SAN_LUIS_AERO,05/AGO/2022,09Hs,9.1,96,4,0.0,-68.13 -67.1
SAN_LUIS_AERO,05/AGO/2022,12Hs,14.9,170,3,0.0,-68.13 -67.1
SAN_LUIS_AERO,05/AGO/2022,15Hs,17.4,142,3,0.0,-68.13 -67.1
SAN_LUIS_AERO,05/AGO/2022,18Hs,16.6,295,13,0.0,-68.13 -67.1
SAN_LUIS_AERO,05/AGO/2022,21Hs,13.7,23,8,0.0,-68.13 -67.1
SAN_LUIS_AERO,06/AGO/2022,00Hs,11.2,43,9,0.0,-68.13 -67.1
SAN_LUIS_AERO,06/AGO/2022,03Hs,9.5,117,8,0.0,-68.13 -67.1
SAN_LUIS_AERO,06/AGO/2022,06Hs,9.0,47,6,0.0,-68.13 -67.1
SAN_LUIS_AERO,06/AGO/2022,09Hs,8.7,224,6,0.0,-68.13 -67.1
SAN_LUIS_AERO,06/AGO/2022,12Hs,11.0,274,16,0.0,-68.13 -67.1
SAN_LUIS_AERO,06/AGO/2022,15Hs,12.6,216,9,0.0,-68.13 -67.1
SAN_LUIS_AERO,06/AGO/2022,18Hs,13.0,150,15,0.0,-68.13 -67.1
SAN_LUIS_AERO,06/AGO/2022,21Hs,9.3,155,20,0.0,-68.13 -67.1
SAN_LUIS_AERO,07/AGO/2022,00Hs,9.3,94,16,0.0,-68.13 -67.1
SAN_LUIS_AERO,07/AGO/2022,03Hs,7.9,79,14,0.0,-68.13 -67.1
SAN_LUIS_AERO,07/AGO/2022,06Hs,6.7,69,12,0.0,-68.13 -67.1
SAN_LUIS_AERO,07/AGO/2022,09Hs,6.8,82,5,0.0,-68.13 -67.1
SAN_LUIS_AERO,07/AGO/2022,12Hs,8.9,88,22,0.1,-68.13 -67.1
SAN_LUIS_AERO,07/AGO/2022,15Hs,8.9,93,10,0.2,-68.13 -67.1
SAN_LUIS_AERO,07/AGO/2022,18Hs,7.0,346,10,1.4,-68.13 -67.1
SAN_LUIS_AERO,07/AGO/2022,21Hs,6.7,110,19,3.4,-68.13 -67.1
SAN_LUIS_AERO,08/AGO/2022,00Hs,3.6,81,36,2.1,-68.13 -67.1
SAN_LUIS_AERO,08/AGO/2022,03Hs,5.0,96,23,1.9,-68.13 -67.1
SAN_LUIS_AERO,08/AGO/2022,06Hs,5.1,108,18,0.8,-68.13 -67.1
SAN_LUIS_AERO,08/AGO/2022,09Hs,4.9,107,21,1.4,-68.13 -67.1
SAN_LUIS_AERO,08/AGO/2022,12Hs,4.5,91,21,1.8,-68.13 -67.1
SAN_LUIS_AERO,08/AGO/2022,15Hs,4.3,111,27,0.7,-68.13 -67.1
SAN_LUIS_AERO,08/AGO/2022,18Hs,4.2,111,26,0.4,-68.13 -67.1
SAN_LUIS_AERO,08/AGO/2022,21Hs,4.3,110,24,0.0,-68.13 -67.1
SAN_LUIS_AERO,09/AGO/2022,00Hs,4.6,114,14,0.0,-68.13 -67.1
SAN_LUIS_AERO,09/AGO/2022,03Hs,4.6,118,11,0.3,-68.13 -67.1
SAN_LUIS_AERO,09/AGO/2022,06Hs,4.4,90,18,0.0,-68.13 -67.1
SAN_LUIS_AERO,09/AGO/2022,09Hs,4.3,44,18,0.0,-68.13 -67.1
SAN_LUIS_AERO,09/AGO/2022,12Hs,8.5,323,12,0.0,-68.13 -67.1
SAN_LUIS_AERO,09/AGO/2022,15Hs,11.2,343,7,0.0,-68.13 -67.1
SAN_LUIS_AERO,09/AGO/2022,18Hs,12.1,34,8,0.0,-68.13 -67.1
SAN_LUIS_AERO,09/AGO/2022,21Hs,8.5,6,10,0.0,-68.13 -67.1
SAN_MARTIN_(MZA),05/AGO/2022,00Hs,10.8,355,7,0.0,-68.13 -67.1
SAN_MARTIN_(MZA),05/AGO/2022,03Hs,9.4,106,6,0.0,-68.13 -67.1
SAN_MARTIN_(MZA),05/AGO/2022,06Hs,8.5,156,11,0.0,-68.13 -67.1
SAN_MARTIN_(MZA),05/AGO/2022,09Hs,7.6,133,11,0.0,-68.13 -67.1
SAN_MARTIN_(MZA),05/AGO/2022,12Hs,12.6,157,11,0.0,-68.13 -67.1
SAN_MARTIN_(MZA),05/AGO/2022,15Hs,15.8,136,6,0.0,-68.13 -67.1
SAN_MARTIN_(MZA),05/AGO/2022,18Hs,16.6,351,4,0.0,-68.13 -67.1
SAN_MARTIN_(MZA),05/AGO/2022,21Hs,13.4,239,7,0.0,-68.13 -67.1
SAN_MARTIN_(MZA),06/AGO/2022,00Hs,11.8,123,12,0.0,-68.13 -67.1
SAN_MARTIN_(MZA),06/AGO/2022,03Hs,10.7,190,15,0.0,-68.13 -67.1
SAN_MARTIN_(MZA),06/AGO/2022,06Hs,8.7,167,28,0.0,-68.13 -67.1
SAN_MARTIN_(MZA),06/AGO/2022,09Hs,7.4,173,28,0.0,-68.13 -67.1
SAN_MARTIN_(MZA),06/AGO/2022,12Hs,8.4,158,27,0.0,-68.13 -67.1
SAN_MARTIN_(MZA),06/AGO/2022,15Hs,11.4,158,23,0.0,-68.13 -67.1
SAN_MARTIN_(MZA),06/AGO/2022,18Hs,10.3,158,30,0.0,-68.13 -67.1
SAN_MARTIN_(MZA),06/AGO/2022,21Hs,6.2,165,29,0.0,-68.13 -67.1
SAN_MARTIN_(MZA),07/AGO/2022,00Hs,5.6,175,24,0.0,-68.13 -67.1
SAN_MARTIN_(MZA),07/AGO/2022,03Hs,5.1,182,19,0.4,-68.13 -67.1
SAN_MARTIN_(MZA),07/AGO/2022,06Hs,4.7,175,22,0.8,-68.13 -67.1
SAN_MARTIN_(MZA),07/AGO/2022,09Hs,3.5,180,22,0.2,-68.13 -67.1
SAN_MARTIN_(MZA),07/AGO/2022,12Hs,3.5,187,20,0.1,-68.13 -67.1
SAN_MARTIN_(MZA),07/AGO/2022,15Hs,3.3,168,20,0.0,-68.13 -67.1
SAN_MARTIN_(MZA),07/AGO/2022,18Hs,3.9,169,25,0.0,-68.13 -67.1
SAN_MARTIN_(MZA),07/AGO/2022,21Hs,3.2,185,27,0.1,-68.13 -67.1
SAN_MARTIN_(MZA),08/AGO/2022,00Hs,2.9,184,24,0.2,-68.13 -67.1
SAN_MARTIN_(MZA),08/AGO/2022,03Hs,2.8,188,23,0.8,-68.13 -67.1
SAN_MARTIN_(MZA),08/AGO/2022,06Hs,3.1,187,23,0.2,-68.13 -67.1
SAN_MARTIN_(MZA),08/AGO/2022,09Hs,3.8,186,21,0.0,-68.13 -67.1
SAN_MARTIN_(MZA),08/AGO/2022,12Hs,4.5,180,22,0.1,-68.13 -67.1
SAN_MARTIN_(MZA),08/AGO/2022,15Hs,6.6,171,27,0.2,-68.13 -67.1
SAN_MARTIN_(MZA),08/AGO/2022,18Hs,5.0,156,28,0.0,-68.13 -67.1
SAN_MARTIN_(MZA),08/AGO/2022,21Hs,4.4,150,20,0.0,-68.13 -67.1
SAN_MARTIN_(MZA),09/AGO/2022,00Hs,5.0,158,10,0.0,-68.13 -67.1
SAN_MARTIN_(MZA),09/AGO/2022,03Hs,4.7,160,8,0.0,-68.13 -67.1
SAN_MARTIN_(MZA),09/AGO/2022,06Hs,3.8,50,7,0.0,-68.13 -67.1
SAN_MARTIN_(MZA),09/AGO/2022,09Hs,3.0,352,9,0.0,-68.13 -67.1
SAN_MARTIN_(MZA),09/AGO/2022,12Hs,7.4,5,14,0.0,-68.13 -67.1
SAN_MARTIN_(MZA),09/AGO/2022,15Hs,11.2,14,20,0.0,-68.13 -67.1
SAN_MARTIN_(MZA),09/AGO/2022,18Hs,12.1,21,25,0.0,-68.13 -67.1
SAN_MARTIN_(MZA),09/AGO/2022,21Hs,9.2,47,16,0.0,-68.13 -67.1
SAN_MIGUEL,05/AGO/2022,00Hs,7.2,248,5,0.0,-68.13 -67.1
SAN_MIGUEL,05/AGO/2022,03Hs,6.3,260,7,0.0,-68.13 -67.1
SAN_MIGUEL,05/AGO/2022,06Hs,5.2,224,7,0.0,-68.13 -67.1
SAN_MIGUEL,05/AGO/2022,09Hs,6.3,196,7,0.0,-68.13 -67.1
SAN_MIGUEL,05/AGO/2022,12Hs,12.7,249,3,0.0,-68.13 -67.1
SAN_MIGUEL,05/AGO/2022,15Hs,15.2,216,4,0.0,-68.13 -67.1
SAN_MIGUEL,05/AGO/2022,18Hs,12.6,106,3,0.0,-68.13 -67.1
SAN_MIGUEL,05/AGO/2022,21Hs,10.2,81,7,0.0,-68.13 -67.1
SAN_MIGUEL,06/AGO/2022,00Hs,8.8,73,8,0.0,-68.13 -67.1
SAN_MIGUEL,06/AGO/2022,03Hs,8.0,47,7,0.0,-68.13 -67.1
SAN_MIGUEL,06/AGO/2022,06Hs,7.4,28,7,0.0,-68.13 -67.1
SAN_MIGUEL,06/AGO/2022,09Hs,8.2,48,5,0.0,-68.13 -67.1
SAN_MIGUEL,06/AGO/2022,12Hs,12.9,87,9,0.0,-68.13 -67.1
SAN_MIGUEL,06/AGO/2022,15Hs,14.6,80,13,0.0,-68.13 -67.1
SAN_MIGUEL,06/AGO/2022,18Hs,11.3,75,12,0.0,-68.13 -67.1
SAN_MIGUEL,06/AGO/2022,21Hs,9.2,110,15,0.0,-68.13 -67.1
SAN_MIGUEL,07/AGO/2022,00Hs,8.5,111,12,0.0,-68.13 -67.1
SAN_MIGUEL,07/AGO/2022,03Hs,7.3,119,11,0.0,-68.13 -67.1
SAN_MIGUEL,07/AGO/2022,06Hs,6.7,130,11,0.0,-68.13 -67.1
SAN_MIGUEL,07/AGO/2022,09Hs,7.5,128,14,0.0,-68.13 -67.1
SAN_MIGUEL,07/AGO/2022,12Hs,11.3,108,17,0.0,-68.13 -67.1
SAN_MIGUEL,07/AGO/2022,15Hs,13.2,103,17,0.0,-68.13 -67.1
SAN_MIGUEL,07/AGO/2022,18Hs,10.7,102,15,0.0,-68.13 -67.1
SAN_MIGUEL,07/AGO/2022,21Hs,7.7,117,14,0.0,-68.13 -67.1
SAN_MIGUEL,08/AGO/2022,00Hs,6.7,127,12,0.0,-68.13 -67.1
SAN_MIGUEL,08/AGO/2022,03Hs,6.1,138,11,0.0,-68.13 -67.1
SAN_MIGUEL,08/AGO/2022,06Hs,5.4,140,11,0.0,-68.13 -67.1
SAN_MIGUEL,08/AGO/2022,09Hs,6.9,133,12,0.0,-68.13 -67.1
SAN_MIGUEL,08/AGO/2022,12Hs,12.1,99,15,0.0,-68.13 -67.1
SAN_MIGUEL,08/AGO/2022,15Hs,12.8,97,15,0.0,-68.13 -67.1
SAN_MIGUEL,08/AGO/2022,18Hs,11.1,110,14,0.0,-68.13 -67.1
SAN_MIGUEL,08/AGO/2022,21Hs,9.1,126,14,0.0,-68.13 -67.1
SAN_MIGUEL,09/AGO/2022,00Hs,7.5,142,10,0.0,-68.13 -67.1
SAN_MIGUEL,09/AGO/2022,03Hs,6.7,143,10,0.0,-68.13 -67.1
SAN_MIGUEL,09/AGO/2022,06Hs,6.4,137,8,0.0,-68.13 -67.1
SAN_MIGUEL,09/AGO/2022,09Hs,7.7,133,9,0.0,-68.13 -67.1
SAN_MIGUEL,09/AGO/2022,12Hs,13.1,98,14,0.0,-68.13 -67.1
SAN_MIGUEL,09/AGO/2022,15Hs,14.7,89,14,0.0,-68.13 -67.1
SAN_MIGUEL,09/AGO/2022,18Hs,12.0,86,10,0.0,-68.13 -67.1
SAN_MIGUEL,09/AGO/2022,21Hs,8.8,112,10,0.0,-68.13 -67.1
SAN_RAFAEL_AERO,05/AGO/2022,00Hs,9.0,328,6,0.0,-68.13 -67.1
SAN_RAFAEL_AERO,05/AGO/2022,03Hs,6.7,359,3,0.0,-68.13 -67.1
SAN_RAFAEL_AERO,05/AGO/2022,06Hs,5.3,202,2,0.0,-68.13 -67.1
SAN_RAFAEL_AERO,05/AGO/2022,09Hs,6.2,222,3,0.0,-68.13 -67.1
SAN_RAFAEL_AERO,05/AGO/2022,12Hs,12.9,360,11,0.0,-68.13 -67.1
SAN_RAFAEL_AERO,05/AGO/2022,15Hs,15.8,15,17,0.0,-68.13 -67.1
SAN_RAFAEL_AERO,05/AGO/2022,18Hs,15.1,63,12,0.0,-68.13 -67.1
SAN_RAFAEL_AERO,05/AGO/2022,21Hs,11.6,148,21,0.0,-68.13 -67.1
SAN_RAFAEL_AERO,06/AGO/2022,00Hs,8.8,152,25,0.0,-68.13 -67.1
SAN_RAFAEL_AERO,06/AGO/2022,03Hs,7.4,144,21,0.0,-68.13 -67.1
SAN_RAFAEL_AERO,06/AGO/2022,06Hs,5.4,145,26,0.0,-68.13 -67.1
SAN_RAFAEL_AERO,06/AGO/2022,09Hs,4.2,149,24,0.0,-68.13 -67.1
SAN_RAFAEL_AERO,06/AGO/2022,12Hs,4.4,141,26,0.0,-68.13 -67.1
SAN_RAFAEL_AERO,06/AGO/2022,15Hs,2.9,149,25,0.0,-68.13 -67.1
SAN_RAFAEL_AERO,06/AGO/2022,18Hs,2.5,144,26,0.0,-68.13 -67.1
SAN_RAFAEL_AERO,06/AGO/2022,21Hs,1.8,153,19,0.2,-68.13 -67.1
SAN_RAFAEL_AERO,07/AGO/2022,00Hs,2.1,157,14,0.7,-68.13 -67.1
SAN_RAFAEL_AERO,07/AGO/2022,03Hs,1.9,165,16,1.9,-68.13 -67.1
SAN_RAFAEL_AERO,07/AGO/2022,06Hs,2.0,158,18,0.4,-68.13 -67.1
SAN_RAFAEL_AERO,07/AGO/2022,09Hs,1.7,170,19,2.4,-68.13 -67.1
SAN_RAFAEL_AERO,07/AGO/2022,12Hs,1.4,161,17,5.4,-68.13 -67.1
SAN_RAFAEL_AERO,07/AGO/2022,15Hs,1.1,163,18,5.6,-68.13 -67.1
SAN_RAFAEL_AERO,07/AGO/2022,18Hs,1.4,157,17,4.6,-68.13 -67.1
SAN_RAFAEL_AERO,07/AGO/2022,21Hs,1.6,166,16,2.7,-68.13 -67.1
SAN_RAFAEL_AERO,08/AGO/2022,00Hs,1.7,165,15,2.7,-68.13 -67.1
SAN_RAFAEL_AERO,08/AGO/2022,03Hs,2.0,188,14,2.1,-68.13 -67.1
SAN_RAFAEL_AERO,08/AGO/2022,06Hs,2.7,169,12,0.4,-68.13 -67.1
SAN_RAFAEL_AERO,08/AGO/2022,09Hs,2.6,159,15,0.0,-68.13 -67.1
SAN_RAFAEL_AERO,08/AGO/2022,12Hs,3.0,166,14,0.2,-68.13 -67.1
SAN_RAFAEL_AERO,08/AGO/2022,15Hs,4.1,150,12,0.1,-68.13 -67.1
SAN_RAFAEL_AERO,08/AGO/2022,18Hs,3.4,139,12,0.2,-68.13 -67.1
SAN_RAFAEL_AERO,08/AGO/2022,21Hs,3.1,81,3,0.1,-68.13 -67.1
SAN_RAFAEL_AERO,09/AGO/2022,00Hs,3.6,321,5,0.3,-68.13 -67.1
SAN_RAFAEL_AERO,09/AGO/2022,03Hs,3.4,342,11,0.0,-68.13 -67.1
SAN_RAFAEL_AERO,09/AGO/2022,06Hs,2.2,303,10,0.0,-68.13 -67.1
SAN_RAFAEL_AERO,09/AGO/2022,09Hs,2.2,300,8,0.0,-68.13 -67.1
SAN_RAFAEL_AERO,09/AGO/2022,12Hs,6.6,330,22,0.0,-68.13 -67.1
SAN_RAFAEL_AERO,09/AGO/2022,15Hs,9.4,345,24,0.0,-68.13 -67.1
SAN_RAFAEL_AERO,09/AGO/2022,18Hs,10.2,354,23,0.0,-68.13 -67.1
SAN_RAFAEL_AERO,09/AGO/2022,21Hs,7.2,334,15,0.0,-68.13 -67.1
SAUCE_VIEJO_AERO,05/AGO/2022,00Hs,8.5,143,5,0.0,-31.7 -60.8
SAUCE_VIEJO_AERO,05/AGO/2022,03Hs,7.2,139,3,0.0,-31.7 -60.8
SAUCE_VIEJO_AERO,05/AGO/2022,06Hs,6.1,40,3,0.0,-31.7 -60.8
SAUCE_VIEJO_AERO,05/AGO/2022,09Hs,8.4,33,4,0.0,-31.7 -60.8
SAUCE_VIEJO_AERO,05/AGO/2022,12Hs,15.2,60,10,0.0,-31.7 -60.8
SAUCE_VIEJO_AERO,05/AGO/2022,15Hs,17.2,56,11,0.0,-31.7 -60.8
SAUCE_VIEJO_AERO,05/AGO/2022,18Hs,13.7,62,9,0.0,-31.7 -60.8
SAUCE_VIEJO_AERO,05/AGO/2022,21Hs,10.0,59,10,0.0,-31.7 -60.8
SAUCE_VIEJO_AERO,06/AGO/2022,00Hs,7.9,60,9,0.0,-31.7 -60.8
SAUCE_VIEJO_AERO,06/AGO/2022,03Hs,6.7,57,9,0.0,-31.7 -60.8
SAUCE_VIEJO_AERO,06/AGO/2022,06Hs,5.7,77,9,0.0,-31.7 -60.8
SAUCE_VIEJO_AERO,06/AGO/2022,09Hs,7.5,75,10,0.0,-31.7 -60.8
SAUCE_VIEJO_AERO,06/AGO/2022,12Hs,13.7,73,13,0.0,-31.7 -60.8
SAUCE_VIEJO_AERO,06/AGO/2022,15Hs,16.1,79,14,0.0,-31.7 -60.8
SAUCE_VIEJO_AERO,06/AGO/2022,18Hs,13.5,92,12,0.0,-31.7 -60.8
SAUCE_VIEJO_AERO,06/AGO/2022,21Hs,10.0,122,12,0.0,-31.7 -60.8
SAUCE_VIEJO_AERO,07/AGO/2022,00Hs,8.0,114,11,0.0,-31.7 -60.8
SAUCE_VIEJO_AERO,07/AGO/2022,03Hs,6.8,133,8,0.0,-31.7 -60.8
SAUCE_VIEJO_AERO,07/AGO/2022,06Hs,5.9,131,11,0.0,-31.7 -60.8
SAUCE_VIEJO_AERO,07/AGO/2022,09Hs,7.2,128,12,0.0,-31.7 -60.8
SAUCE_VIEJO_AERO,07/AGO/2022,12Hs,12.8,106,16,0.0,-31.7 -60.8
SAUCE_VIEJO_AERO,07/AGO/2022,15Hs,15.3,104,19,0.0,-31.7 -60.8
SAUCE_VIEJO_AERO,07/AGO/2022,18Hs,11.6,105,15,0.0,-31.7 -60.8
SAUCE_VIEJO_AERO,07/AGO/2022,21Hs,11.2,117,17,0.0,-31.7 -60.8
SAUCE_VIEJO_AERO,08/AGO/2022,00Hs,10.6,114,15,0.1,-31.7 -60.8
SAUCE_VIEJO_AERO,08/AGO/2022,03Hs,10.1,118,14,0.0,-31.7 -60.8
SAUCE_VIEJO_AERO,08/AGO/2022,06Hs,9.4,122,15,0.1,-31.7 -60.8
SAUCE_VIEJO_AERO,08/AGO/2022,09Hs,9.3,118,13,0.1,-31.7 -60.8
SAUCE_VIEJO_AERO,08/AGO/2022,12Hs,10.2,118,14,0.4,-31.7 -60.8
SAUCE_VIEJO_AERO,08/AGO/2022,15Hs,9.3,135,14,0.4,-31.7 -60.8
SAUCE_VIEJO_AERO,08/AGO/2022,18Hs,8.7,137,12,2.4,-31.7 -60.8
SAUCE_VIEJO_AERO,08/AGO/2022,21Hs,9.0,165,9,4.1,-31.7 -60.8
SAUCE_VIEJO_AERO,09/AGO/2022,00Hs,9.4,152,10,2.2,-31.7 -60.8
SAUCE_VIEJO_AERO,09/AGO/2022,03Hs,9.0,171,15,1.2,-31.7 -60.8
SAUCE_VIEJO_AERO,09/AGO/2022,06Hs,8.9,162,18,0.4,-31.7 -60.8
SAUCE_VIEJO_AERO,09/AGO/2022,09Hs,8.6,165,19,1.0,-31.7 -60.8
SAUCE_VIEJO_AERO,09/AGO/2022,12Hs,9.1,159,19,0.2,-31.7 -60.8
SAUCE_VIEJO_AERO,09/AGO/2022,15Hs,9.8,143,15,0.0,-31.7 -60.8
SAUCE_VIEJO_AERO,09/AGO/2022,18Hs,10.4,171,9,0.0,-31.7 -60.8
SAUCE_VIEJO_AERO,09/AGO/2022,21Hs,8.9,184,8,0.0,-31.7 -60.8
SUNCHALES_AERO,05/AGO/2022,00Hs,9.0,62,6,0.0,-30.95 -61.53
SUNCHALES_AERO,05/AGO/2022,03Hs,8.4,53,5,0.0,-30.95 -61.53
SUNCHALES_AERO,05/AGO/2022,06Hs,7.2,61,7,0.0,-30.95 -61.53
SUNCHALES_AERO,05/AGO/2022,09Hs,8.3,86,9,0.0,-30.95 -61.53
SUNCHALES_AERO,05/AGO/2022,12Hs,14.7,73,15,0.0,-30.95 -61.53
SUNCHALES_AERO,05/AGO/2022,15Hs,16.6,66,16,0.0,-30.95 -61.53
SUNCHALES_AERO,05/AGO/2022,18Hs,13.3,73,13,0.0,-30.95 -61.53
SUNCHALES_AERO,05/AGO/2022,21Hs,9.3,80,14,0.0,-30.95 -61.53
SUNCHALES_AERO,06/AGO/2022,00Hs,7.7,75,13,0.0,-30.95 -61.53
SUNCHALES_AERO,06/AGO/2022,03Hs,6.6,81,13,0.0,-30.95 -61.53
SUNCHALES_AERO,06/AGO/2022,06Hs,5.3,95,13,0.0,-30.95 -61.53
SUNCHALES_AERO,06/AGO/2022,09Hs,6.9,84,13,0.0,-30.95 -61.53
SUNCHALES_AERO,06/AGO/2022,12Hs,13.1,89,14,0.0,-30.95 -61.53
SUNCHALES_AERO,06/AGO/2022,15Hs,14.9,94,15,0.0,-30.95 -61.53
SUNCHALES_AERO,06/AGO/2022,18Hs,12.7,104,14,0.0,-30.95 -61.53
SUNCHALES_AERO,06/AGO/2022,21Hs,9.6,98,12,0.0,-30.95 -61.53
SUNCHALES_AERO,07/AGO/2022,00Hs,7.5,133,11,0.0,-30.95 -61.53
SUNCHALES_AERO,07/AGO/2022,03Hs,6.5,126,11,0.0,-30.95 -61.53
SUNCHALES_AERO,07/AGO/2022,06Hs,5.9,135,11,0.0,-30.95 -61.53
SUNCHALES_AERO,07/AGO/2022,09Hs,7.1,143,14,0.0,-30.95 -61.53
SUNCHALES_AERO,07/AGO/2022,12Hs,13.0,126,16,0.0,-30.95 -61.53
SUNCHALES_AERO,07/AGO/2022,15Hs,15.3,130,17,0.0,-30.95 -61.53
SUNCHALES_AERO,07/AGO/2022,18Hs,13.0,127,17,0.0,-30.95 -61.53
SUNCHALES_AERO,07/AGO/2022,21Hs,9.3,116,19,0.0,-30.95 -61.53
SUNCHALES_AERO,08/AGO/2022,00Hs,7.7,147,11,0.0,-30.95 -61.53
SUNCHALES_AERO,08/AGO/2022,03Hs,9.6,164,11,0.1,-30.95 -61.53
SUNCHALES_AERO,08/AGO/2022,06Hs,9.6,152,14,0.2,-30.95 -61.53
SUNCHALES_AERO,08/AGO/2022,09Hs,9.7,138,14,0.0,-30.95 -61.53
SUNCHALES_AERO,08/AGO/2022,12Hs,11.1,138,10,0.0,-30.95 -61.53
SUNCHALES_AERO,08/AGO/2022,15Hs,11.6,169,14,0.0,-30.95 -61.53
SUNCHALES_AERO,08/AGO/2022,18Hs,9.8,174,17,0.0,-30.95 -61.53
SUNCHALES_AERO,08/AGO/2022,21Hs,8.7,170,15,0.0,-30.95 -61.53
SUNCHALES_AERO,09/AGO/2022,00Hs,8.3,212,12,0.0,-30.95 -61.53
SUNCHALES_AERO,09/AGO/2022,03Hs,8.4,219,15,0.0,-30.95 -61.53
SUNCHALES_AERO,09/AGO/2022,06Hs,8.4,197,20,0.4,-30.95 -61.53
SUNCHALES_AERO,09/AGO/2022,09Hs,8.1,195,21,1.1,-30.95 -61.53
SUNCHALES_AERO,09/AGO/2022,12Hs,8.6,180,24,2.3,-30.95 -61.53
SUNCHALES_AERO,09/AGO/2022,15Hs,9.3,177,20,0.3,-30.95 -61.53
SUNCHALES_AERO,09/AGO/2022,18Hs,9.0,178,17,0.0,-30.95 -61.53
SUNCHALES_AERO,09/AGO/2022,21Hs,8.3,152,12,0.0,-30.95 -61.53
TANDIL_AERO,05/AGO/2022,00Hs,4.0,205,12,0.0,-37.23 -59.23
TANDIL_AERO,05/AGO/2022,03Hs,2.6,219,12,0.0,-37.23 -59.23
TANDIL_AERO,05/AGO/2022,06Hs,1.7,216,11,0.0,-37.23 -59.23
TANDIL_AERO,05/AGO/2022,09Hs,3.6,224,8,0.0,-37.23 -59.23
TANDIL_AERO,05/AGO/2022,12Hs,11.0,265,9,0.0,-37.23 -59.23
TANDIL_AERO,05/AGO/2022,15Hs,13.7,261,15,0.0,-37.23 -59.23
TANDIL_AERO,05/AGO/2022,18Hs,9.4,224,9,0.0,-37.23 -59.23
TANDIL_AERO,05/AGO/2022,21Hs,6.5,192,10,0.0,-37.23 -59.23
TANDIL_AERO,06/AGO/2022,00Hs,6.0,168,10,0.0,-37.23 -59.23
TANDIL_AERO,06/AGO/2022,03Hs,4.3,163,9,0.0,-37.23 -59.23
TANDIL_AERO,06/AGO/2022,06Hs,5.0,166,8,0.0,-37.23 -59.23
TANDIL_AERO,06/AGO/2022,09Hs,4.8,148,9,0.0,-37.23 -59.23
TANDIL_AERO,06/AGO/2022,12Hs,8.8,143,13,0.0,-37.23 -59.23
TANDIL_AERO,06/AGO/2022,15Hs,10.5,140,12,0.0,-37.23 -59.23
TANDIL_AERO,06/AGO/2022,18Hs,7.5,153,11,0.0,-37.23 -59.23
TANDIL_AERO,06/AGO/2022,21Hs,4.8,154,11,0.0,-37.23 -59.23
TANDIL_AERO,07/AGO/2022,00Hs,4.6,153,10,0.0,-37.23 -59.23
TANDIL_AERO,07/AGO/2022,03Hs,4.5,131,8,0.0,-37.23 -59.23
TANDIL_AERO,07/AGO/2022,06Hs,3.9,143,8,0.0,-37.23 -59.23
TANDIL_AERO,07/AGO/2022,09Hs,4.4,134,14,0.0,-37.23 -59.23
TANDIL_AERO,07/AGO/2022,12Hs,7.3,129,13,0.0,-37.23 -59.23
TANDIL_AERO,07/AGO/2022,15Hs,9.5,118,12,0.0,-37.23 -59.23
TANDIL_AERO,07/AGO/2022,18Hs,7.0,110,10,0.0,-37.23 -59.23
TANDIL_AERO,07/AGO/2022,21Hs,4.5,125,14,0.0,-37.23 -59.23
TANDIL_AERO,08/AGO/2022,00Hs,3.1,118,11,0.0,-37.23 -59.23
TANDIL_AERO,08/AGO/2022,03Hs,2.0,127,10,0.0,-37.23 -59.23
TANDIL_AERO,08/AGO/2022,06Hs,1.2,129,9,0.0,-37.23 -59.23
TANDIL_AERO,08/AGO/2022,09Hs,2.8,120,11,0.0,-37.23 -59.23
TANDIL_AERO,08/AGO/2022,12Hs,7.8,92,16,0.0,-37.23 -59.23
TANDIL_AERO,08/AGO/2022,15Hs,9.8,90,14,0.0,-37.23 -59.23
TANDIL_AERO,08/AGO/2022,18Hs,7.2,92,8,0.0,-37.23 -59.23
TANDIL_AERO,08/AGO/2022,21Hs,4.0,108,13,0.0,-37.23 -59.23
TANDIL_AERO,09/AGO/2022,00Hs,2.7,111,11,0.0,-37.23 -59.23
TANDIL_AERO,09/AGO/2022,03Hs,1.8,105,9,0.0,-37.23 -59.23
TANDIL_AERO,09/AGO/2022,06Hs,1.6,133,8,0.0,-37.23 -59.23
TANDIL_AERO,09/AGO/2022,09Hs,3.2,113,6,0.0,-37.23 -59.23
TANDIL_AERO,09/AGO/2022,12Hs,9.8,52,12,0.0,-37.23 -59.23
TANDIL_AERO,09/AGO/2022,15Hs,12.0,21,12,0.0,-37.23 -59.23
TANDIL_AERO,09/AGO/2022,18Hs,9.3,29,9,0.0,-37.23 -59.23
TANDIL_AERO,09/AGO/2022,21Hs,8.3,41,10,0.0,-37.23 -59.23
TARTAGAL_AERO,05/AGO/2022,00Hs,15.9,282,6,0.0,-22.62 -63.8
TARTAGAL_AERO,05/AGO/2022,03Hs,15.0,167,5,0.0,-22.62 -63.8
TARTAGAL_AERO,05/AGO/2022,06Hs,9.9,244,5,0.0,-22.62 -63.8
TARTAGAL_AERO,05/AGO/2022,09Hs,12.9,235,2,0.0,-22.62 -63.8
TARTAGAL_AERO,05/AGO/2022,12Hs,19.5,91,9,0.0,-22.62 -63.8
TARTAGAL_AERO,05/AGO/2022,15Hs,22.4,78,13,0.0,-22.62 -63.8
TARTAGAL_AERO,05/AGO/2022,18Hs,20.6,72,11,0.0,-22.62 -63.8
TARTAGAL_AERO,05/AGO/2022,21Hs,13.8,6,6,0.0,-22.62 -63.8
TARTAGAL_AERO,06/AGO/2022,00Hs,13.8,324,6,0.0,-22.62 -63.8
TARTAGAL_AERO,06/AGO/2022,03Hs,11.9,319,5,0.0,-22.62 -63.8
TARTAGAL_AERO,06/AGO/2022,06Hs,11.4,314,5,0.0,-22.62 -63.8
TARTAGAL_AERO,06/AGO/2022,09Hs,14.5,274,3,0.0,-22.62 -63.8
TARTAGAL_AERO,06/AGO/2022,12Hs,21.9,98,7,0.0,-22.62 -63.8
TARTAGAL_AERO,06/AGO/2022,15Hs,25.6,54,13,0.0,-22.62 -63.8
TARTAGAL_AERO,06/AGO/2022,18Hs,24.5,86,9,0.0,-22.62 -63.8
TARTAGAL_AERO,06/AGO/2022,21Hs,17.3,249,6,0.0,-22.62 -63.8
TARTAGAL_AERO,07/AGO/2022,00Hs,15.6,276,6,0.0,-22.62 -63.8
TARTAGAL_AERO,07/AGO/2022,03Hs,14.0,255,6,0.0,-22.62 -63.8
TARTAGAL_AERO,07/AGO/2022,06Hs,12.5,239,6,0.0,-22.62 -63.8
TARTAGAL_AERO,07/AGO/2022,09Hs,14.9,219,8,0.0,-22.62 -63.8
TARTAGAL_AERO,07/AGO/2022,12Hs,20.5,170,11,0.0,-22.62 -63.8
TARTAGAL_AERO,07/AGO/2022,15Hs,23.0,131,10,0.0,-22.62 -63.8
TARTAGAL_AERO,07/AGO/2022,18Hs,21.1,137,5,0.0,-22.62 -63.8
TARTAGAL_AERO,07/AGO/2022,21Hs,18.1,43,4,0.0,-22.62 -63.8
TARTAGAL_AERO,08/AGO/2022,00Hs,16.7,12,5,0.0,-22.62 -63.8
TARTAGAL_AERO,08/AGO/2022,03Hs,15.3,254,3,0.0,-22.62 -63.8
TARTAGAL_AERO,08/AGO/2022,06Hs,15.1,190,10,0.0,-22.62 -63.8
TARTAGAL_AERO,08/AGO/2022,09Hs,14.0,223,10,0.0,-22.62 -63.8
TARTAGAL_AERO,08/AGO/2022,12Hs,13.8,211,11,0.0,-22.62 -63.8
TARTAGAL_AERO,08/AGO/2022,15Hs,13.5,201,12,0.0,-22.62 -63.8
TARTAGAL_AERO,08/AGO/2022,18Hs,13.4,206,13,0.0,-22.62 -63.8
TARTAGAL_AERO,08/AGO/2022,21Hs,10.2,250,8,0.4,-22.62 -63.8
TARTAGAL_AERO,09/AGO/2022,00Hs,10.1,230,9,0.4,-22.62 -63.8
TARTAGAL_AERO,09/AGO/2022,03Hs,9.7,208,12,0.1,-22.62 -63.8
TARTAGAL_AERO,09/AGO/2022,06Hs,9.2,204,11,0.1,-22.62 -63.8
TARTAGAL_AERO,09/AGO/2022,09Hs,9.1,201,12,0.0,-22.62 -63.8
TARTAGAL_AERO,09/AGO/2022,12Hs,10.6,196,14,0.0,-22.62 -63.8
TARTAGAL_AERO,09/AGO/2022,15Hs,11.7,197,13,0.0,-22.62 -63.8
TARTAGAL_AERO,09/AGO/2022,18Hs,13.3,248,11,0.0,-22.62 -63.8
TARTAGAL_AERO,09/AGO/2022,21Hs,8.0,290,12,0.0,-22.62 -63.8
TERMAS_DE_RIO_HONDO_AERO,05/AGO/2022,00Hs,11.9,56,11,0.0,-27.5 -64.93
TERMAS_DE_RIO_HONDO_AERO,05/AGO/2022,03Hs,9.9,55,12,0.0,-27.5 -64.93
TERMAS_DE_RIO_HONDO_AERO,05/AGO/2022,06Hs,8.4,45,10,0.0,-27.5 -64.93
TERMAS_DE_RIO_HONDO_AERO,05/AGO/2022,09Hs,9.7,43,10,0.0,-27.5 -64.93
TERMAS_DE_RIO_HONDO_AERO,05/AGO/2022,12Hs,17.6,43,18,0.0,-27.5 -64.93
TERMAS_DE_RIO_HONDO_AERO,05/AGO/2022,15Hs,21.5,49,19,0.0,-27.5 -64.93
TERMAS_DE_RIO_HONDO_AERO,05/AGO/2022,18Hs,21.1,58,17,0.0,-27.5 -64.93
TERMAS_DE_RIO_HONDO_AERO,05/AGO/2022,21Hs,14.9,70,14,0.0,-27.5 -64.93
TERMAS_DE_RIO_HONDO_AERO,06/AGO/2022,00Hs,12.1,44,12,0.0,-27.5 -64.93
TERMAS_DE_RIO_HONDO_AERO,06/AGO/2022,03Hs,10.5,63,11,0.0,-27.5 -64.93
TERMAS_DE_RIO_HONDO_AERO,06/AGO/2022,06Hs,8.7,61,9,0.0,-27.5 -64.93
TERMAS_DE_RIO_HONDO_AERO,06/AGO/2022,09Hs,9.7,106,7,0.0,-27.5 -64.93
TERMAS_DE_RIO_HONDO_AERO,06/AGO/2022,12Hs,17.3,55,12,0.0,-27.5 -64.93
TERMAS_DE_RIO_HONDO_AERO,06/AGO/2022,15Hs,21.3,68,12,0.0,-27.5 -64.93
TERMAS_DE_RIO_HONDO_AERO,06/AGO/2022,18Hs,21.2,131,10,0.0,-27.5 -64.93
TERMAS_DE_RIO_HONDO_AERO,06/AGO/2022,21Hs,15.5,128,18,0.0,-27.5 -64.93
TERMAS_DE_RIO_HONDO_AERO,07/AGO/2022,00Hs,11.3,108,10,0.0,-27.5 -64.93
TERMAS_DE_RIO_HONDO_AERO,07/AGO/2022,03Hs,11.7,174,7,0.0,-27.5 -64.93
TERMAS_DE_RIO_HONDO_AERO,07/AGO/2022,06Hs,11.4,172,9,0.0,-27.5 -64.93
TERMAS_DE_RIO_HONDO_AERO,07/AGO/2022,09Hs,10.7,160,7,0.0,-27.5 -64.93
TERMAS_DE_RIO_HONDO_AERO,07/AGO/2022,12Hs,15.1,132,11,0.0,-27.5 -64.93
TERMAS_DE_RIO_HONDO_AERO,07/AGO/2022,15Hs,15.2,124,14,0.0,-27.5 -64.93
TERMAS_DE_RIO_HONDO_AERO,07/AGO/2022,18Hs,14.8,121,13,0.0,-27.5 -64.93
TERMAS_DE_RIO_HONDO_AERO,07/AGO/2022,21Hs,10.7,111,7,0.0,-27.5 -64.93
TERMAS_DE_RIO_HONDO_AERO,08/AGO/2022,00Hs,12.6,177,4,0.0,-27.5 -64.93
TERMAS_DE_RIO_HONDO_AERO,08/AGO/2022,03Hs,11.7,236,10,0.0,-27.5 -64.93
TERMAS_DE_RIO_HONDO_AERO,08/AGO/2022,06Hs,11.5,187,10,0.0,-27.5 -64.93
TERMAS_DE_RIO_HONDO_AERO,08/AGO/2022,09Hs,11.3,188,12,0.0,-27.5 -64.93
TERMAS_DE_RIO_HONDO_AERO,08/AGO/2022,12Hs,12.0,168,19,0.0,-27.5 -64.93
TERMAS_DE_RIO_HONDO_AERO,08/AGO/2022,15Hs,12.8,176,16,0.0,-27.5 -64.93
TERMAS_DE_RIO_HONDO_AERO,08/AGO/2022,18Hs,13.1,210,15,0.0,-27.5 -64.93
TERMAS_DE_RIO_HONDO_AERO,08/AGO/2022,21Hs,10.6,219,9,0.0,-27.5 -64.93
TERMAS_DE_RIO_HONDO_AERO,09/AGO/2022,00Hs,8.3,217,13,0.0,-27.5 -64.93
TERMAS_DE_RIO_HONDO_AERO,09/AGO/2022,03Hs,5.3,202,9,0.0,-27.5 -64.93
TERMAS_DE_RIO_HONDO_AERO,09/AGO/2022,06Hs,4.3,209,9,0.0,-27.5 -64.93
TERMAS_DE_RIO_HONDO_AERO,09/AGO/2022,09Hs,6.4,217,11,0.0,-27.5 -64.93
TERMAS_DE_RIO_HONDO_AERO,09/AGO/2022,12Hs,13.5,199,19,0.0,-27.5 -64.93
TERMAS_DE_RIO_HONDO_AERO,09/AGO/2022,15Hs,16.9,197,18,0.0,-27.5 -64.93
TERMAS_DE_RIO_HONDO_AERO,09/AGO/2022,18Hs,16.1,176,14,0.0,-27.5 -64.93
TERMAS_DE_RIO_HONDO_AERO,09/AGO/2022,21Hs,8.8,109,11,0.0,-27.5 -64.93
TINOGASTA,05/AGO/2022,00Hs,8.0,358,6,0.0,-28.07 -67.57
TINOGASTA,05/AGO/2022,03Hs,6.9,10,5,0.0,-28.07 -67.57
TINOGASTA,05/AGO/2022,06Hs,5.4,249,2,0.0,-28.07 -67.57
TINOGASTA,05/AGO/2022,09Hs,7.5,290,3,0.0,-28.07 -67.57
TINOGASTA,05/AGO/2022,12Hs,13.1,84,6,0.0,-28.07 -67.57
TINOGASTA,05/AGO/2022,15Hs,16.3,70,15,0.0,-28.07 -67.57
TINOGASTA,05/AGO/2022,18Hs,15.3,64,15,0.0,-28.07 -67.57
TINOGASTA,05/AGO/2022,21Hs,11.0,38,10,0.0,-28.07 -67.57
TINOGASTA,06/AGO/2022,00Hs,8.8,312,5,0.0,-28.07 -67.57
TINOGASTA,06/AGO/2022,03Hs,7.2,244,7,0.0,-28.07 -67.57
TINOGASTA,06/AGO/2022,06Hs,6.1,250,7,0.0,-28.07 -67.57
TINOGASTA,06/AGO/2022,09Hs,6.4,253,8,0.0,-28.07 -67.57
TINOGASTA,06/AGO/2022,12Hs,13.0,175,4,0.0,-28.07 -67.57
TINOGASTA,06/AGO/2022,15Hs,17.3,77,12,0.0,-28.07 -67.57
TINOGASTA,06/AGO/2022,18Hs,14.5,62,24,0.0,-28.07 -67.57
TINOGASTA,06/AGO/2022,21Hs,9.9,327,12,0.0,-28.07 -67.57
TINOGASTA,07/AGO/2022,00Hs,7.2,277,11,0.0,-28.07 -67.57
TINOGASTA,07/AGO/2022,03Hs,5.5,274,10,0.0,-28.07 -67.57
TINOGASTA,07/AGO/2022,06Hs,4.4,255,11,0.0,-28.07 -67.57
TINOGASTA,07/AGO/2022,09Hs,4.7,269,9,0.0,-28.07 -67.57
TINOGASTA,07/AGO/2022,12Hs,10.2,82,5,0.0,-28.07 -67.57
TINOGASTA,07/AGO/2022,15Hs,13.5,63,22,0.0,-28.07 -67.57
TINOGASTA,07/AGO/2022,18Hs,11.3,55,24,0.0,-28.07 -67.57
TINOGASTA,07/AGO/2022,21Hs,6.4,309,7,0.0,-28.07 -67.57
TINOGASTA,08/AGO/2022,00Hs,3.1,247,15,0.0,-28.07 -67.57
TINOGASTA,08/AGO/2022,03Hs,2.3,271,8,0.0,-28.07 -67.57
TINOGASTA,08/AGO/2022,06Hs,2.2,248,5,0.0,-28.07 -67.57
TINOGASTA,08/AGO/2022,09Hs,3.2,230,5,0.0,-28.07 -67.57
TINOGASTA,08/AGO/2022,12Hs,4.6,83,4,0.0,-28.07 -67.57
TINOGASTA,08/AGO/2022,15Hs,6.1,46,13,0.0,-28.07 -67.57
TINOGASTA,08/AGO/2022,18Hs,6.8,53,17,0.0,-28.07 -67.57
TINOGASTA,08/AGO/2022,21Hs,4.1,9,18,0.0,-28.07 -67.57
TINOGASTA,09/AGO/2022,00Hs,2.7,339,14,0.0,-28.07 -67.57
TINOGASTA,09/AGO/2022,03Hs,1.5,239,6,0.0,-28.07 -67.57
TINOGASTA,09/AGO/2022,06Hs,-0.4,280,4,0.0,-28.07 -67.57
TINOGASTA,09/AGO/2022,09Hs,1.3,277,3,0.0,-28.07 -67.57
TINOGASTA,09/AGO/2022,12Hs,6.5,89,6,0.0,-28.07 -67.57
TINOGASTA,09/AGO/2022,15Hs,10.6,74,13,0.0,-28.07 -67.57
TINOGASTA,09/AGO/2022,18Hs,10.5,65,15,0.0,-28.07 -67.57
TINOGASTA,09/AGO/2022,21Hs,6.4,54,10,0.0,-28.07 -67.57
TRELEW_AERO,05/AGO/2022,00Hs,4.1,253,28,0.0,-43.22 -65.28
TRELEW_AERO,05/AGO/2022,03Hs,2.8,265,26,0.0,-43.22 -65.28
TRELEW_AERO,05/AGO/2022,06Hs,1.9,252,26,0.0,-43.22 -65.28
TRELEW_AERO,05/AGO/2022,09Hs,1.6,247,24,0.0,-43.22 -65.28
TRELEW_AERO,05/AGO/2022,12Hs,5.4,222,32,0.0,-43.22 -65.28
TRELEW_AERO,05/AGO/2022,15Hs,7.5,214,33,0.0,-43.22 -65.28
TRELEW_AERO,05/AGO/2022,18Hs,6.0,209,27,0.0,-43.22 -65.28
TRELEW_AERO,05/AGO/2022,21Hs,3.8,216,21,0.0,-43.22 -65.28
TRELEW_AERO,06/AGO/2022,00Hs,2.4,238,19,0.0,-43.22 -65.28
TRELEW_AERO,06/AGO/2022,03Hs,2.8,230,19,0.0,-43.22 -65.28
TRELEW_AERO,06/AGO/2022,06Hs,3.1,232,19,0.0,-43.22 -65.28
TRELEW_AERO,06/AGO/2022,09Hs,2.8,228,18,0.0,-43.22 -65.28
TRELEW_AERO,06/AGO/2022,12Hs,7.0,168,22,0.1,-43.22 -65.28
TRELEW_AERO,06/AGO/2022,15Hs,7.6,136,20,0.2,-43.22 -65.28
TRELEW_AERO,06/AGO/2022,18Hs,6.1,134,18,0.2,-43.22 -65.28
TRELEW_AERO,06/AGO/2022,21Hs,4.5,118,15,0.1,-43.22 -65.28
TRELEW_AERO,07/AGO/2022,00Hs,4.9,132,15,0.0,-43.22 -65.28
TRELEW_AERO,07/AGO/2022,03Hs,4.4,112,14,0.1,-43.22 -65.28
TRELEW_AERO,07/AGO/2022,06Hs,4.1,112,12,0.0,-43.22 -65.28
TRELEW_AERO,07/AGO/2022,09Hs,3.9,124,13,0.0,-43.22 -65.28
TRELEW_AERO,07/AGO/2022,12Hs,5.4,109,16,0.0,-43.22 -65.28
TRELEW_AERO,07/AGO/2022,15Hs,5.8,108,18,0.1,-43.22 -65.28
TRELEW_AERO,07/AGO/2022,18Hs,4.9,100,18,0.0,-43.22 -65.28
TRELEW_AERO,07/AGO/2022,21Hs,3.7,91,14,0.0,-43.22 -65.28
TRELEW_AERO,08/AGO/2022,00Hs,3.6,77,10,0.0,-43.22 -65.28
TRELEW_AERO,08/AGO/2022,03Hs,3.8,81,7,0.0,-43.22 -65.28
TRELEW_AERO,08/AGO/2022,06Hs,3.4,91,7,0.0,-43.22 -65.28
TRELEW_AERO,08/AGO/2022,09Hs,3.6,58,6,0.0,-43.22 -65.28
TRELEW_AERO,08/AGO/2022,12Hs,6.9,15,12,0.0,-43.22 -65.28
TRELEW_AERO,08/AGO/2022,15Hs,8.7,351,18,0.0,-43.22 -65.28
TRELEW_AERO,08/AGO/2022,18Hs,8.7,351,22,0.0,-43.22 -65.28
TRELEW_AERO,08/AGO/2022,21Hs,6.1,4,29,0.0,-43.22 -65.28
TRELEW_AERO,09/AGO/2022,00Hs,5.1,348,27,0.0,-43.22 -65.28
TRELEW_AERO,09/AGO/2022,03Hs,4.5,347,31,0.0,-43.22 -65.28
TRELEW_AERO,09/AGO/2022,06Hs,4.8,345,33,0.0,-43.22 -65.28
TRELEW_AERO,09/AGO/2022,09Hs,4.6,342,34,0.0,-43.22 -65.28
TRELEW_AERO,09/AGO/2022,12Hs,8.7,335,37,0.0,-43.22 -65.28
TRELEW_AERO,09/AGO/2022,15Hs,12.4,323,35,0.0,-43.22 -65.28
TRELEW_AERO,09/AGO/2022,18Hs,11.0,332,24,0.0,-43.22 -65.28
TRELEW_AERO,09/AGO/2022,21Hs,7.7,309,17,0.0,-43.22 -65.28
TRENQUE_LAUQUEN,05/AGO/2022,00Hs,7.7,164,7,0.0,-35.97 -62.73
TRENQUE_LAUQUEN,05/AGO/2022,03Hs,6.2,153,5,0.0,-35.97 -62.73
TRENQUE_LAUQUEN,05/AGO/2022,06Hs,5.2,40,4,0.0,-35.97 -62.73
TRENQUE_LAUQUEN,05/AGO/2022,09Hs,6.7,20,8,0.0,-35.97 -62.73
TRENQUE_LAUQUEN,05/AGO/2022,12Hs,14.8,15,12,0.0,-35.97 -62.73
TRENQUE_LAUQUEN,05/AGO/2022,15Hs,18.0,6,13,0.0,-35.97 -62.73
TRENQUE_LAUQUEN,05/AGO/2022,18Hs,15.2,50,10,0.0,-35.97 -62.73
TRENQUE_LAUQUEN,05/AGO/2022,21Hs,12.5,67,14,0.0,-35.97 -62.73
TRENQUE_LAUQUEN,06/AGO/2022,00Hs,9.0,60,13,0.0,-35.97 -62.73
TRENQUE_LAUQUEN,06/AGO/2022,03Hs,7.7,93,9,0.0,-35.97 -62.73
TRENQUE_LAUQUEN,06/AGO/2022,06Hs,5.8,100,13,0.0,-35.97 -62.73
TRENQUE_LAUQUEN,06/AGO/2022,09Hs,5.7,95,15,0.0,-35.97 -62.73
TRENQUE_LAUQUEN,06/AGO/2022,12Hs,12.4,70,15,0.0,-35.97 -62.73
TRENQUE_LAUQUEN,06/AGO/2022,15Hs,15.1,82,16,0.0,-35.97 -62.73
TRENQUE_LAUQUEN,06/AGO/2022,18Hs,13.3,108,16,0.0,-35.97 -62.73
TRENQUE_LAUQUEN,06/AGO/2022,21Hs,10.7,111,24,0.0,-35.97 -62.73
TRENQUE_LAUQUEN,07/AGO/2022,00Hs,9.1,108,22,0.0,-35.97 -62.73
TRENQUE_LAUQUEN,07/AGO/2022,03Hs,7.5,100,22,0.0,-35.97 -62.73
TRENQUE_LAUQUEN,07/AGO/2022,06Hs,6.5,97,18,0.0,-35.97 -62.73
TRENQUE_LAUQUEN,07/AGO/2022,09Hs,5.8,104,18,0.0,-35.97 -62.73
TRENQUE_LAUQUEN,07/AGO/2022,12Hs,11.2,84,24,0.0,-35.97 -62.73
TRENQUE_LAUQUEN,07/AGO/2022,15Hs,13.6,87,22,0.0,-35.97 -62.73
TRENQUE_LAUQUEN,07/AGO/2022,18Hs,12.1,95,21,0.0,-35.97 -62.73
TRENQUE_LAUQUEN,07/AGO/2022,21Hs,10.1,103,22,0.0,-35.97 -62.73
TRENQUE_LAUQUEN,08/AGO/2022,00Hs,8.7,105,20,0.0,-35.97 -62.73
TRENQUE_LAUQUEN,08/AGO/2022,03Hs,7.3,108,17,0.0,-35.97 -62.73
TRENQUE_LAUQUEN,08/AGO/2022,06Hs,5.1,115,17,0.0,-35.97 -62.73
TRENQUE_LAUQUEN,08/AGO/2022,09Hs,5.3,112,18,0.0,-35.97 -62.73
TRENQUE_LAUQUEN,08/AGO/2022,12Hs,9.8,107,19,0.0,-35.97 -62.73
TRENQUE_LAUQUEN,08/AGO/2022,15Hs,12.5,115,18,0.0,-35.97 -62.73
TRENQUE_LAUQUEN,08/AGO/2022,18Hs,10.9,122,14,0.0,-35.97 -62.73
TRENQUE_LAUQUEN,08/AGO/2022,21Hs,6.7,126,11,0.0,-35.97 -62.73
TRENQUE_LAUQUEN,09/AGO/2022,00Hs,5.0,119,10,0.0,-35.97 -62.73
TRENQUE_LAUQUEN,09/AGO/2022,03Hs,3.8,111,8,0.0,-35.97 -62.73
TRENQUE_LAUQUEN,09/AGO/2022,06Hs,4.9,128,8,0.0,-35.97 -62.73
TRENQUE_LAUQUEN,09/AGO/2022,09Hs,4.5,82,11,0.0,-35.97 -62.73
TRENQUE_LAUQUEN,09/AGO/2022,12Hs,12.2,57,13,0.0,-35.97 -62.73
TRENQUE_LAUQUEN,09/AGO/2022,15Hs,14.6,37,11,0.0,-35.97 -62.73
TRENQUE_LAUQUEN,09/AGO/2022,18Hs,12.5,40,11,0.0,-35.97 -62.73
TRENQUE_LAUQUEN,09/AGO/2022,21Hs,8.0,40,10,0.0,-35.97 -62.73
TRES_ARROYOS,05/AGO/2022,00Hs,3.7,240,7,0.0,-38.37 -60.28
TRES_ARROYOS,05/AGO/2022,03Hs,2.6,276,8,0.0,-38.37 -60.28
TRES_ARROYOS,05/AGO/2022,06Hs,2.2,303,9,0.0,-38.37 -60.28
TRES_ARROYOS,05/AGO/2022,09Hs,3.4,330,9,0.0,-38.37 -60.28
TRES_ARROYOS,05/AGO/2022,12Hs,10.7,268,11,0.0,-38.37 -60.28
TRES_ARROYOS,05/AGO/2022,15Hs,13.0,251,24,0.0,-38.37 -60.28
TRES_ARROYOS,05/AGO/2022,18Hs,8.9,214,13,0.0,-38.37 -60.28
TRES_ARROYOS,05/AGO/2022,21Hs,4.4,190,7,0.0,-38.37 -60.28
TRES_ARROYOS,06/AGO/2022,00Hs,5.8,244,4,0.0,-38.37 -60.28
TRES_ARROYOS,06/AGO/2022,03Hs,5.2,201,8,0.1,-38.37 -60.28
TRES_ARROYOS,06/AGO/2022,06Hs,4.9,216,7,0.2,-38.37 -60.28
TRES_ARROYOS,06/AGO/2022,09Hs,5.1,211,6,0.4,-38.37 -60.28
TRES_ARROYOS,06/AGO/2022,12Hs,7.2,200,6,0.0,-38.37 -60.28
TRES_ARROYOS,06/AGO/2022,15Hs,8.8,180,6,0.0,-38.37 -60.28
TRES_ARROYOS,06/AGO/2022,18Hs,7.1,163,16,0.0,-38.37 -60.28
TRES_ARROYOS,06/AGO/2022,21Hs,4.1,149,9,0.0,-38.37 -60.28
TRES_ARROYOS,07/AGO/2022,00Hs,4.6,125,5,0.0,-38.37 -60.28
TRES_ARROYOS,07/AGO/2022,03Hs,5.2,136,11,0.0,-38.37 -60.28
TRES_ARROYOS,07/AGO/2022,06Hs,4.6,130,10,0.0,-38.37 -60.28
TRES_ARROYOS,07/AGO/2022,09Hs,4.4,122,8,0.0,-38.37 -60.28
TRES_ARROYOS,07/AGO/2022,12Hs,7.5,127,14,0.0,-38.37 -60.28
TRES_ARROYOS,07/AGO/2022,15Hs,7.7,130,16,0.0,-38.37 -60.28
TRES_ARROYOS,07/AGO/2022,18Hs,6.7,133,13,0.0,-38.37 -60.28
TRES_ARROYOS,07/AGO/2022,21Hs,5.7,140,9,0.0,-38.37 -60.28
TRES_ARROYOS,08/AGO/2022,00Hs,5.3,134,7,0.0,-38.37 -60.28
TRES_ARROYOS,08/AGO/2022,03Hs,2.7,53,10,0.0,-38.37 -60.28
TRES_ARROYOS,08/AGO/2022,06Hs,1.3,67,8,0.0,-38.37 -60.28
TRES_ARROYOS,08/AGO/2022,09Hs,2.5,68,8,0.0,-38.37 -60.28
TRES_ARROYOS,08/AGO/2022,12Hs,8.2,75,14,0.0,-38.37 -60.28
TRES_ARROYOS,08/AGO/2022,15Hs,10.6,67,13,0.0,-38.37 -60.28
TRES_ARROYOS,08/AGO/2022,18Hs,8.6,57,6,0.0,-38.37 -60.28
TRES_ARROYOS,08/AGO/2022,21Hs,6.8,79,14,0.0,-38.37 -60.28
TRES_ARROYOS,09/AGO/2022,00Hs,3.5,44,11,0.0,-38.37 -60.28
TRES_ARROYOS,09/AGO/2022,03Hs,2.6,5,11,0.0,-38.37 -60.28
TRES_ARROYOS,09/AGO/2022,06Hs,2.3,352,12,0.0,-38.37 -60.28
TRES_ARROYOS,09/AGO/2022,09Hs,3.8,356,14,0.0,-38.37 -60.28
TRES_ARROYOS,09/AGO/2022,12Hs,11.2,331,12,0.0,-38.37 -60.28
TRES_ARROYOS,09/AGO/2022,15Hs,13.0,342,15,0.0,-38.37 -60.28
TRES_ARROYOS,09/AGO/2022,18Hs,9.7,358,11,0.0,-38.37 -60.28
TRES_ARROYOS,09/AGO/2022,21Hs,6.6,2,13,0.0,-38.37 -60.28
TUCUMAN_AERO,05/AGO/2022,00Hs,11.4,27,8,0.0,-26.83 -65.12
TUCUMAN_AERO,05/AGO/2022,03Hs,10.1,12,6,0.0,-26.83 -65.12
TUCUMAN_AERO,05/AGO/2022,06Hs,8.8,335,4,0.0,-26.83 -65.12
TUCUMAN_AERO,05/AGO/2022,09Hs,10.2,283,2,0.0,-26.83 -65.12
TUCUMAN_AERO,05/AGO/2022,12Hs,18.2,97,7,0.0,-26.83 -65.12
TUCUMAN_AERO,05/AGO/2022,15Hs,22.2,77,18,0.0,-26.83 -65.12
TUCUMAN_AERO,05/AGO/2022,18Hs,20.4,79,19,0.0,-26.83 -65.12
TUCUMAN_AERO,05/AGO/2022,21Hs,15.3,23,14,0.0,-26.83 -65.12
TUCUMAN_AERO,06/AGO/2022,00Hs,12.2,353,4,0.0,-26.83 -65.12
TUCUMAN_AERO,06/AGO/2022,03Hs,11.0,352,3,0.0,-26.83 -65.12
TUCUMAN_AERO,06/AGO/2022,06Hs,9.4,258,4,0.0,-26.83 -65.12
TUCUMAN_AERO,06/AGO/2022,09Hs,9.7,241,9,0.0,-26.83 -65.12
TUCUMAN_AERO,06/AGO/2022,12Hs,16.5,191,7,0.0,-26.83 -65.12
TUCUMAN_AERO,06/AGO/2022,15Hs,20.1,144,7,0.0,-26.83 -65.12
TUCUMAN_AERO,06/AGO/2022,18Hs,19.8,191,8,0.0,-26.83 -65.12
TUCUMAN_AERO,06/AGO/2022,21Hs,13.7,279,5,0.0,-26.83 -65.12
TUCUMAN_AERO,07/AGO/2022,00Hs,12.7,96,6,0.0,-26.83 -65.12
TUCUMAN_AERO,07/AGO/2022,03Hs,9.6,115,3,0.0,-26.83 -65.12
TUCUMAN_AERO,07/AGO/2022,06Hs,8.2,253,6,0.0,-26.83 -65.12
TUCUMAN_AERO,07/AGO/2022,09Hs,9.4,257,4,0.0,-26.83 -65.12
TUCUMAN_AERO,07/AGO/2022,12Hs,15.2,158,10,0.0,-26.83 -65.12
TUCUMAN_AERO,07/AGO/2022,15Hs,16.6,131,14,0.0,-26.83 -65.12
TUCUMAN_AERO,07/AGO/2022,18Hs,14.5,109,12,0.0,-26.83 -65.12
TUCUMAN_AERO,07/AGO/2022,21Hs,9.3,73,6,0.0,-26.83 -65.12
TUCUMAN_AERO,08/AGO/2022,00Hs,8.3,289,4,0.0,-26.83 -65.12
TUCUMAN_AERO,08/AGO/2022,03Hs,9.7,244,7,0.0,-26.83 -65.12
TUCUMAN_AERO,08/AGO/2022,06Hs,9.3,230,8,0.0,-26.83 -65.12
TUCUMAN_AERO,08/AGO/2022,09Hs,9.5,221,9,0.0,-26.83 -65.12
TUCUMAN_AERO,08/AGO/2022,12Hs,10.6,190,12,0.0,-26.83 -65.12
TUCUMAN_AERO,08/AGO/2022,15Hs,10.4,176,9,0.0,-26.83 -65.12
TUCUMAN_AERO,08/AGO/2022,18Hs,10.0,213,9,0.1,-26.83 -65.12
TUCUMAN_AERO,08/AGO/2022,21Hs,9.1,235,8,0.0,-26.83 -65.12
TUCUMAN_AERO,09/AGO/2022,00Hs,8.9,235,9,0.0,-26.83 -65.12
TUCUMAN_AERO,09/AGO/2022,03Hs,6.7,218,5,0.0,-26.83 -65.12
TUCUMAN_AERO,09/AGO/2022,06Hs,3.7,179,2,0.0,-26.83 -65.12
TUCUMAN_AERO,09/AGO/2022,09Hs,5.4,277,4,0.0,-26.83 -65.12
TUCUMAN_AERO,09/AGO/2022,12Hs,11.8,166,9,0.0,-26.83 -65.12
TUCUMAN_AERO,09/AGO/2022,15Hs,14.9,166,11,0.0,-26.83 -65.12
TUCUMAN_AERO,09/AGO/2022,18Hs,14.3,172,9,0.0,-26.83 -65.12
TUCUMAN_AERO,09/AGO/2022,21Hs,8.6,58,3,0.0,-26.83 -65.12
USHUAIA_AERO,05/AGO/2022,00Hs,1.8,337,4,0.0,-54.83 -68.3
USHUAIA_AERO,05/AGO/2022,03Hs,1.6,333,7,0.0,-54.83 -68.3
USHUAIA_AERO,05/AGO/2022,06Hs,1.1,284,6,0.0,-54.83 -68.3
USHUAIA_AERO,05/AGO/2022,09Hs,1.2,258,6,0.6,-54.83 -68.3
USHUAIA_AERO,05/AGO/2022,12Hs,1.5,226,11,0.2,-54.83 -68.3
USHUAIA_AERO,05/AGO/2022,15Hs,2.6,216,8,0.0,-54.83 -68.3
USHUAIA_AERO,05/AGO/2022,18Hs,1.8,290,6,0.0,-54.83 -68.3
USHUAIA_AERO,05/AGO/2022,21Hs,1.3,300,7,0.0,-54.83 -68.3
USHUAIA_AERO,06/AGO/2022,00Hs,1.0,323,12,0.0,-54.83 -68.3
USHUAIA_AERO,06/AGO/2022,03Hs,0.5,310,13,0.0,-54.83 -68.3
USHUAIA_AERO,06/AGO/2022,06Hs,0.4,316,11,0.0,-54.83 -68.3
USHUAIA_AERO,06/AGO/2022,09Hs,0.2,323,10,0.0,-54.83 -68.3
USHUAIA_AERO,06/AGO/2022,12Hs,1.6,334,9,0.0,-54.83 -68.3
USHUAIA_AERO,06/AGO/2022,15Hs,2.7,344,9,0.0,-54.83 -68.3
USHUAIA_AERO,06/AGO/2022,18Hs,1.5,330,8,0.0,-54.83 -68.3
USHUAIA_AERO,06/AGO/2022,21Hs,0.6,322,9,0.0,-54.83 -68.3
USHUAIA_AERO,07/AGO/2022,00Hs,0.3,326,11,0.0,-54.83 -68.3
USHUAIA_AERO,07/AGO/2022,03Hs,0.0,330,12,0.0,-54.83 -68.3
USHUAIA_AERO,07/AGO/2022,06Hs,-0.2,334,12,0.0,-54.83 -68.3
USHUAIA_AERO,07/AGO/2022,09Hs,-0.4,337,15,0.0,-54.83 -68.3
USHUAIA_AERO,07/AGO/2022,12Hs,0.8,340,15,0.0,-54.83 -68.3
USHUAIA_AERO,07/AGO/2022,15Hs,2.1,345,14,0.0,-54.83 -68.3
USHUAIA_AERO,07/AGO/2022,18Hs,1.2,332,11,0.0,-54.83 -68.3
USHUAIA_AERO,07/AGO/2022,21Hs,0.5,331,13,0.0,-54.83 -68.3
USHUAIA_AERO,08/AGO/2022,00Hs,0.1,336,14,0.0,-54.83 -68.3
USHUAIA_AERO,08/AGO/2022,03Hs,-0.2,340,15,0.0,-54.83 -68.3
USHUAIA_AERO,08/AGO/2022,06Hs,-0.6,340,14,0.0,-54.83 -68.3
USHUAIA_AERO,08/AGO/2022,09Hs,-1.0,346,16,0.0,-54.83 -68.3
USHUAIA_AERO,08/AGO/2022,12Hs,-0.0,345,18,0.0,-54.83 -68.3
USHUAIA_AERO,08/AGO/2022,15Hs,2.2,356,18,0.0,-54.83 -68.3
USHUAIA_AERO,08/AGO/2022,18Hs,1.4,353,24,0.0,-54.83 -68.3
USHUAIA_AERO,08/AGO/2022,21Hs,0.8,348,24,0.0,-54.83 -68.3
USHUAIA_AERO,09/AGO/2022,00Hs,1.2,357,26,0.0,-54.83 -68.3
USHUAIA_AERO,09/AGO/2022,03Hs,1.0,349,27,0.0,-54.83 -68.3
USHUAIA_AERO,09/AGO/2022,06Hs,1.1,341,21,0.0,-54.83 -68.3
USHUAIA_AERO,09/AGO/2022,09Hs,0.8,349,15,0.0,-54.83 -68.3
USHUAIA_AERO,09/AGO/2022,12Hs,1.6,344,17,0.0,-54.83 -68.3
USHUAIA_AERO,09/AGO/2022,15Hs,3.4,337,12,0.0,-54.83 -68.3
USHUAIA_AERO,09/AGO/2022,18Hs,2.7,331,13,0.0,-54.83 -68.3
USHUAIA_AERO,09/AGO/2022,21Hs,1.6,339,14,0.0,-54.83 -68.3
USPALLATA_AERO,05/AGO/2022,00Hs,1.6,360,4,0.0,-32.6 -69.33
USPALLATA_AERO,05/AGO/2022,03Hs,0.3,288,1,0.0,-32.6 -69.33
USPALLATA_AERO,05/AGO/2022,06Hs,-0.9,275,1,0.0,-32.6 -69.33
USPALLATA_AERO,05/AGO/2022,09Hs,-0.2,198,2,0.0,-32.6 -69.33
USPALLATA_AERO,05/AGO/2022,12Hs,5.5,97,9,0.0,-32.6 -69.33
USPALLATA_AERO,05/AGO/2022,15Hs,6.6,106,12,0.0,-32.6 -69.33
USPALLATA_AERO,05/AGO/2022,18Hs,5.9,116,9,0.0,-32.6 -69.33
USPALLATA_AERO,05/AGO/2022,21Hs,3.3,187,8,0.0,-32.6 -69.33
USPALLATA_AERO,06/AGO/2022,00Hs,3.0,211,14,0.0,-32.6 -69.33
USPALLATA_AERO,06/AGO/2022,03Hs,1.6,244,8,0.0,-32.6 -69.33
USPALLATA_AERO,06/AGO/2022,06Hs,-0.5,174,4,0.0,-32.6 -69.33
USPALLATA_AERO,06/AGO/2022,09Hs,-0.2,196,4,0.0,-32.6 -69.33
USPALLATA_AERO,06/AGO/2022,12Hs,1.8,95,12,0.0,-32.6 -69.33
USPALLATA_AERO,06/AGO/2022,15Hs,0.9,115,11,0.0,-32.6 -69.33
USPALLATA_AERO,06/AGO/2022,18Hs,0.3,108,10,0.0,-32.6 -69.33
USPALLATA_AERO,06/AGO/2022,21Hs,-0.6,96,9,0.4,-32.6 -69.33
USPALLATA_AERO,07/AGO/2022,00Hs,-1.1,75,9,0.1,-32.6 -69.33
USPALLATA_AERO,07/AGO/2022,03Hs,-1.4,72,8,0.2,-32.6 -69.33
USPALLATA_AERO,07/AGO/2022,06Hs,-2.5,112,5,0.4,-32.6 -69.33
USPALLATA_AERO,07/AGO/2022,09Hs,-2.1,119,9,1.3,-32.6 -69.33
USPALLATA_AERO,07/AGO/2022,12Hs,-2.1,127,9,0.7,-32.6 -69.33
USPALLATA_AERO,07/AGO/2022,15Hs,-1.5,128,12,0.4,-32.6 -69.33
USPALLATA_AERO,07/AGO/2022,18Hs,-1.9,146,12,0.6,-32.6 -69.33
USPALLATA_AERO,07/AGO/2022,21Hs,-2.3,155,12,0.9,-32.6 -69.33
USPALLATA_AERO,08/AGO/2022,00Hs,-2.4,166,11,1.1,-32.6 -69.33
USPALLATA_AERO,08/AGO/2022,03Hs,-3.4,187,11,0.5,-32.6 -69.33
USPALLATA_AERO,08/AGO/2022,06Hs,-5.0,209,10,0.1,-32.6 -69.33
USPALLATA_AERO,08/AGO/2022,09Hs,-3.9,194,9,0.1,-32.6 -69.33
USPALLATA_AERO,08/AGO/2022,12Hs,-1.9,142,8,0.0,-32.6 -69.33
USPALLATA_AERO,08/AGO/2022,15Hs,-1.2,137,12,0.2,-32.6 -69.33
USPALLATA_AERO,08/AGO/2022,18Hs,-2.0,134,10,0.4,-32.6 -69.33
USPALLATA_AERO,08/AGO/2022,21Hs,-3.2,139,7,0.7,-32.6 -69.33
USPALLATA_AERO,09/AGO/2022,00Hs,-3.5,49,4,0.2,-32.6 -69.33
USPALLATA_AERO,09/AGO/2022,03Hs,-4.1,35,2,0.1,-32.6 -69.33
USPALLATA_AERO,09/AGO/2022,06Hs,-5.8,308,8,0.0,-32.6 -69.33
USPALLATA_AERO,09/AGO/2022,09Hs,-4.3,304,11,0.0,-32.6 -69.33
USPALLATA_AERO,09/AGO/2022,12Hs,1.3,39,7,0.0,-32.6 -69.33
USPALLATA_AERO,09/AGO/2022,15Hs,3.6,59,11,0.0,-32.6 -69.33
USPALLATA_AERO,09/AGO/2022,18Hs,3.0,41,12,0.0,-32.6 -69.33
USPALLATA_AERO,09/AGO/2022,21Hs,1.2,2,7,0.0,-32.6 -69.33
VENADO_TUERTO,05/AGO/2022,00Hs,8.1,78,7,0.0,-33.68 -61.97
VENADO_TUERTO,05/AGO/2022,03Hs,7.1,38,8,0.0,-33.68 -61.97
VENADO_TUERTO,05/AGO/2022,06Hs,5.7,360,6,0.0,-33.68 -61.97
VENADO_TUERTO,05/AGO/2022,09Hs,7.5,15,8,0.0,-33.68 -61.97
VENADO_TUERTO,05/AGO/2022,12Hs,16.3,23,15,0.0,-33.68 -61.97
VENADO_TUERTO,05/AGO/2022,15Hs,19.0,22,17,0.0,-33.68 -61.97
VENADO_TUERTO,05/AGO/2022,18Hs,16.0,34,13,0.0,-33.68 -61.97
VENADO_TUERTO,05/AGO/2022,21Hs,9.8,49,13,0.0,-33.68 -61.97
VENADO_TUERTO,06/AGO/2022,00Hs,8.2,31,13,0.0,-33.68 -61.97
VENADO_TUERTO,06/AGO/2022,03Hs,6.6,34,12,0.0,-33.68 -61.97
VENADO_TUERTO,06/AGO/2022,06Hs,5.1,44,13,0.0,-33.68 -61.97
VENADO_TUERTO,06/AGO/2022,09Hs,6.1,45,11,0.0,-33.68 -61.97
VENADO_TUERTO,06/AGO/2022,12Hs,14.2,40,17,0.0,-33.68 -61.97
VENADO_TUERTO,06/AGO/2022,15Hs,17.2,56,15,0.0,-33.68 -61.97
VENADO_TUERTO,06/AGO/2022,18Hs,15.3,76,14,0.0,-33.68 -61.97
VENADO_TUERTO,06/AGO/2022,21Hs,10.9,94,11,0.0,-33.68 -61.97
VENADO_TUERTO,07/AGO/2022,00Hs,8.8,96,13,0.0,-33.68 -61.97
VENADO_TUERTO,07/AGO/2022,03Hs,6.9,96,12,0.0,-33.68 -61.97
VENADO_TUERTO,07/AGO/2022,06Hs,5.8,105,13,0.0,-33.68 -61.97
VENADO_TUERTO,07/AGO/2022,09Hs,6.2,107,15,0.0,-33.68 -61.97
VENADO_TUERTO,07/AGO/2022,12Hs,12.1,95,22,0.0,-33.68 -61.97
VENADO_TUERTO,07/AGO/2022,15Hs,14.8,92,23,0.0,-33.68 -61.97
VENADO_TUERTO,07/AGO/2022,18Hs,13.2,107,21,0.0,-33.68 -61.97
VENADO_TUERTO,07/AGO/2022,21Hs,11.1,109,26,0.0,-33.68 -61.97
VENADO_TUERTO,08/AGO/2022,00Hs,9.5,102,18,0.0,-33.68 -61.97
VENADO_TUERTO,08/AGO/2022,03Hs,8.1,112,16,0.0,-33.68 -61.97
VENADO_TUERTO,08/AGO/2022,06Hs,7.5,127,18,0.2,-33.68 -61.97
VENADO_TUERTO,08/AGO/2022,09Hs,6.7,124,17,0.8,-33.68 -61.97
VENADO_TUERTO,08/AGO/2022,12Hs,8.7,113,18,0.8,-33.68 -61.97
VENADO_TUERTO,08/AGO/2022,15Hs,8.3,133,13,1.1,-33.68 -61.97
VENADO_TUERTO,08/AGO/2022,18Hs,8.8,203,9,0.7,-33.68 -61.97
VENADO_TUERTO,08/AGO/2022,21Hs,8.4,195,8,1.2,-33.68 -61.97
VENADO_TUERTO,09/AGO/2022,00Hs,8.4,152,9,0.8,-33.68 -61.97
VENADO_TUERTO,09/AGO/2022,03Hs,7.6,153,9,0.0,-33.68 -61.97
VENADO_TUERTO,09/AGO/2022,06Hs,7.0,165,11,0.0,-33.68 -61.97
VENADO_TUERTO,09/AGO/2022,09Hs,7.0,154,12,0.0,-33.68 -61.97
VENADO_TUERTO,09/AGO/2022,12Hs,12.3,119,14,0.0,-33.68 -61.97
VENADO_TUERTO,09/AGO/2022,15Hs,14.7,93,12,0.0,-33.68 -61.97
VENADO_TUERTO,09/AGO/2022,18Hs,12.7,34,13,0.0,-33.68 -61.97
VENADO_TUERTO,09/AGO/2022,21Hs,10.7,12,8,0.0,-33.68 -61.97
VICTORICA,05/AGO/2022,00Hs,8.6,102,12,0.0,-36.22 -65.43
VICTORICA,05/AGO/2022,03Hs,7.6,63,14,0.0,-36.22 -65.43
VICTORICA,05/AGO/2022,06Hs,6.4,52,14,0.0,-36.22 -65.43
VICTORICA,05/AGO/2022,09Hs,6.0,53,14,0.0,-36.22 -65.43
VICTORICA,05/AGO/2022,12Hs,13.0,39,15,0.0,-36.22 -65.43
VICTORICA,05/AGO/2022,15Hs,16.6,53,14,0.0,-36.22 -65.43
VICTORICA,05/AGO/2022,18Hs,16.0,95,13,0.0,-36.22 -65.43
VICTORICA,05/AGO/2022,21Hs,10.9,121,33,0.0,-36.22 -65.43
VICTORICA,06/AGO/2022,00Hs,9.7,123,33,0.0,-36.22 -65.43
VICTORICA,06/AGO/2022,03Hs,6.8,127,37,0.0,-36.22 -65.43
VICTORICA,06/AGO/2022,06Hs,5.6,117,39,0.0,-36.22 -65.43
VICTORICA,06/AGO/2022,09Hs,5.3,122,37,0.0,-36.22 -65.43
VICTORICA,06/AGO/2022,12Hs,8.5,106,32,0.0,-36.22 -65.43
VICTORICA,06/AGO/2022,15Hs,11.3,98,25,0.0,-36.22 -65.43
VICTORICA,06/AGO/2022,18Hs,10.9,123,24,0.0,-36.22 -65.43
VICTORICA,06/AGO/2022,21Hs,6.1,133,29,1.0,-36.22 -65.43
VICTORICA,07/AGO/2022,00Hs,6.0,119,31,1.2,-36.22 -65.43
VICTORICA,07/AGO/2022,03Hs,6.0,109,29,0.0,-36.22 -65.43
VICTORICA,07/AGO/2022,06Hs,5.5,104,30,0.0,-36.22 -65.43
VICTORICA,07/AGO/2022,09Hs,5.0,104,30,0.0,-36.22 -65.43
VICTORICA,07/AGO/2022,12Hs,8.4,84,28,0.0,-36.22 -65.43
VICTORICA,07/AGO/2022,15Hs,10.5,80,26,0.0,-36.22 -65.43
VICTORICA,07/AGO/2022,18Hs,9.8,91,20,0.0,-36.22 -65.43
VICTORICA,07/AGO/2022,21Hs,8.2,127,27,0.0,-36.22 -65.43
VICTORICA,08/AGO/2022,00Hs,6.9,114,27,0.0,-36.22 -65.43
VICTORICA,08/AGO/2022,03Hs,6.5,100,19,0.6,-36.22 -65.43
VICTORICA,08/AGO/2022,06Hs,5.8,108,19,1.9,-36.22 -65.43
VICTORICA,08/AGO/2022,09Hs,5.9,113,19,0.7,-36.22 -65.43
VICTORICA,08/AGO/2022,12Hs,7.2,100,20,0.0,-36.22 -65.43
VICTORICA,08/AGO/2022,15Hs,9.0,126,16,0.0,-36.22 -65.43
VICTORICA,08/AGO/2022,18Hs,8.5,145,16,0.0,-36.22 -65.43
VICTORICA,08/AGO/2022,21Hs,7.6,139,12,0.0,-36.22 -65.43
VICTORICA,09/AGO/2022,00Hs,7.3,124,10,0.0,-36.22 -65.43
VICTORICA,09/AGO/2022,03Hs,7.0,65,8,0.0,-36.22 -65.43
VICTORICA,09/AGO/2022,06Hs,5.8,42,15,0.0,-36.22 -65.43
VICTORICA,09/AGO/2022,09Hs,4.8,19,12,0.0,-36.22 -65.43
VICTORICA,09/AGO/2022,12Hs,10.4,6,21,0.0,-36.22 -65.43
VICTORICA,09/AGO/2022,15Hs,13.2,359,26,0.0,-36.22 -65.43
VICTORICA,09/AGO/2022,18Hs,12.7,358,25,0.0,-36.22 -65.43
VICTORICA,09/AGO/2022,21Hs,9.1,8,19,0.0,-36.22 -65.43
VIEDMA_AERO,05/AGO/2022,00Hs,5.3,264,14,0.0,-40.87 -63.0
VIEDMA_AERO,05/AGO/2022,03Hs,7.2,227,19,0.0,-40.87 -63.0
VIEDMA_AERO,05/AGO/2022,06Hs,5.0,254,15,0.0,-40.87 -63.0
VIEDMA_AERO,05/AGO/2022,09Hs,5.4,253,16,0.0,-40.87 -63.0
VIEDMA_AERO,05/AGO/2022,12Hs,8.5,232,25,0.0,-40.87 -63.0
VIEDMA_AERO,05/AGO/2022,15Hs,8.2,227,26,0.0,-40.87 -63.0
VIEDMA_AERO,05/AGO/2022,18Hs,6.4,225,23,0.0,-40.87 -63.0
VIEDMA_AERO,05/AGO/2022,21Hs,5.6,206,20,0.0,-40.87 -63.0
VIEDMA_AERO,06/AGO/2022,00Hs,6.8,213,20,0.0,-40.87 -63.0
VIEDMA_AERO,06/AGO/2022,03Hs,6.7,213,21,0.1,-40.87 -63.0
VIEDMA_AERO,06/AGO/2022,06Hs,6.5,211,20,0.2,-40.87 -63.0
VIEDMA_AERO,06/AGO/2022,09Hs,6.2,194,17,0.2,-40.87 -63.0
VIEDMA_AERO,06/AGO/2022,12Hs,8.3,184,20,0.1,-40.87 -63.0
VIEDMA_AERO,06/AGO/2022,15Hs,8.5,161,20,0.1,-40.87 -63.0
VIEDMA_AERO,06/AGO/2022,18Hs,6.8,142,23,0.1,-40.87 -63.0
VIEDMA_AERO,06/AGO/2022,21Hs,6.3,138,20,0.0,-40.87 -63.0
VIEDMA_AERO,07/AGO/2022,00Hs,6.3,126,20,0.1,-40.87 -63.0
VIEDMA_AERO,07/AGO/2022,03Hs,6.2,118,16,0.1,-40.87 -63.0
VIEDMA_AERO,07/AGO/2022,06Hs,6.2,112,21,0.2,-40.87 -63.0
VIEDMA_AERO,07/AGO/2022,09Hs,6.0,111,22,0.2,-40.87 -63.0
VIEDMA_AERO,07/AGO/2022,12Hs,6.7,113,21,0.0,-40.87 -63.0
VIEDMA_AERO,07/AGO/2022,15Hs,6.5,112,21,0.1,-40.87 -63.0
VIEDMA_AERO,07/AGO/2022,18Hs,6.0,122,14,0.0,-40.87 -63.0
VIEDMA_AERO,07/AGO/2022,21Hs,6.2,150,12,0.0,-40.87 -63.0
VIEDMA_AERO,08/AGO/2022,00Hs,6.5,120,11,0.3,-40.87 -63.0
VIEDMA_AERO,08/AGO/2022,03Hs,6.8,102,11,0.2,-40.87 -63.0
VIEDMA_AERO,08/AGO/2022,06Hs,6.5,74,11,0.1,-40.87 -63.0
VIEDMA_AERO,08/AGO/2022,09Hs,6.0,37,11,0.0,-40.87 -63.0
VIEDMA_AERO,08/AGO/2022,12Hs,8.5,51,16,0.0,-40.87 -63.0
VIEDMA_AERO,08/AGO/2022,15Hs,8.6,42,18,0.0,-40.87 -63.0
VIEDMA_AERO,08/AGO/2022,18Hs,7.3,26,13,0.0,-40.87 -63.0
VIEDMA_AERO,08/AGO/2022,21Hs,4.5,23,16,0.0,-40.87 -63.0
VIEDMA_AERO,09/AGO/2022,00Hs,3.5,355,14,0.0,-40.87 -63.0
VIEDMA_AERO,09/AGO/2022,03Hs,3.0,358,16,0.0,-40.87 -63.0
VIEDMA_AERO,09/AGO/2022,06Hs,2.6,347,16,0.0,-40.87 -63.0
VIEDMA_AERO,09/AGO/2022,09Hs,3.1,343,16,0.0,-40.87 -63.0
VIEDMA_AERO,09/AGO/2022,12Hs,10.3,333,24,0.0,-40.87 -63.0
VIEDMA_AERO,09/AGO/2022,15Hs,12.4,329,31,0.0,-40.87 -63.0
VIEDMA_AERO,09/AGO/2022,18Hs,11.3,340,23,0.0,-40.87 -63.0
VIEDMA_AERO,09/AGO/2022,21Hs,9.1,350,23,0.0,-40.87 -63.0
VILLA_DOLORES_AERO,05/AGO/2022,00Hs,10.8,39,13,0.0,-37.23 -57.02
VILLA_DOLORES_AERO,05/AGO/2022,03Hs,10.2,35,11,0.0,-37.23 -57.02
VILLA_DOLORES_AERO,05/AGO/2022,06Hs,8.1,18,6,0.0,-37.23 -57.02
VILLA_DOLORES_AERO,05/AGO/2022,09Hs,9.2,353,7,0.0,-37.23 -57.02
VILLA_DOLORES_AERO,05/AGO/2022,12Hs,16.2,325,21,0.0,-37.23 -57.02
VILLA_DOLORES_AERO,05/AGO/2022,15Hs,19.0,346,22,0.0,-37.23 -57.02
VILLA_DOLORES_AERO,05/AGO/2022,18Hs,17.6,349,22,0.0,-37.23 -57.02
VILLA_DOLORES_AERO,05/AGO/2022,21Hs,11.6,20,11,0.0,-37.23 -57.02
VILLA_DOLORES_AERO,06/AGO/2022,00Hs,10.4,49,8,0.0,-37.23 -57.02
VILLA_DOLORES_AERO,06/AGO/2022,03Hs,9.6,19,8,0.0,-37.23 -57.02
VILLA_DOLORES_AERO,06/AGO/2022,06Hs,7.7,357,4,0.0,-37.23 -57.02
VILLA_DOLORES_AERO,06/AGO/2022,09Hs,9.3,319,4,0.0,-37.23 -57.02
VILLA_DOLORES_AERO,06/AGO/2022,12Hs,14.8,286,10,0.0,-37.23 -57.02
VILLA_DOLORES_AERO,06/AGO/2022,15Hs,16.1,316,6,0.0,-37.23 -57.02
VILLA_DOLORES_AERO,06/AGO/2022,18Hs,16.1,255,8,0.0,-37.23 -57.02
VILLA_DOLORES_AERO,06/AGO/2022,21Hs,10.8,360,3,0.0,-37.23 -57.02
VILLA_DOLORES_AERO,07/AGO/2022,00Hs,12.4,337,6,0.0,-37.23 -57.02
VILLA_DOLORES_AERO,07/AGO/2022,03Hs,10.1,286,8,0.0,-37.23 -57.02
VILLA_DOLORES_AERO,07/AGO/2022,06Hs,9.2,311,8,0.0,-37.23 -57.02
VILLA_DOLORES_AERO,07/AGO/2022,09Hs,7.0,290,7,0.0,-37.23 -57.02
VILLA_DOLORES_AERO,07/AGO/2022,12Hs,8.4,244,6,0.0,-37.23 -57.02
VILLA_DOLORES_AERO,07/AGO/2022,15Hs,11.0,237,8,0.0,-37.23 -57.02
VILLA_DOLORES_AERO,07/AGO/2022,18Hs,9.1,201,12,0.2,-37.23 -57.02
VILLA_DOLORES_AERO,07/AGO/2022,21Hs,7.3,231,6,0.0,-37.23 -57.02
VILLA_DOLORES_AERO,08/AGO/2022,00Hs,6.4,276,8,2.3,-37.23 -57.02
VILLA_DOLORES_AERO,08/AGO/2022,03Hs,6.0,256,9,6.9,-37.23 -57.02
VILLA_DOLORES_AERO,08/AGO/2022,06Hs,4.7,257,8,2.8,-37.23 -57.02
VILLA_DOLORES_AERO,08/AGO/2022,09Hs,3.9,280,9,1.2,-37.23 -57.02
VILLA_DOLORES_AERO,08/AGO/2022,12Hs,4.3,274,6,0.1,-37.23 -57.02
VILLA_DOLORES_AERO,08/AGO/2022,15Hs,4.8,274,5,0.0,-37.23 -57.02
VILLA_DOLORES_AERO,08/AGO/2022,18Hs,5.4,191,4,0.0,-37.23 -57.02
VILLA_DOLORES_AERO,08/AGO/2022,21Hs,5.2,161,9,0.0,-37.23 -57.02
VILLA_DOLORES_AERO,09/AGO/2022,00Hs,5.6,210,7,0.0,-37.23 -57.02
VILLA_DOLORES_AERO,09/AGO/2022,03Hs,4.8,226,5,0.0,-37.23 -57.02
VILLA_DOLORES_AERO,09/AGO/2022,06Hs,3.0,315,1,0.0,-37.23 -57.02
VILLA_DOLORES_AERO,09/AGO/2022,09Hs,4.6,43,3,0.0,-37.23 -57.02
VILLA_DOLORES_AERO,09/AGO/2022,12Hs,9.1,355,2,0.0,-37.23 -57.02
VILLA_DOLORES_AERO,09/AGO/2022,15Hs,11.2,257,13,0.0,-37.23 -57.02
VILLA_DOLORES_AERO,09/AGO/2022,18Hs,11.4,95,4,0.0,-37.23 -57.02
VILLA_DOLORES_AERO,09/AGO/2022,21Hs,7.8,343,4,0.0,-37.23 -57.02
VILLA_GESELL_AERO,05/AGO/2022,00Hs,3.5,249,4,0.0,-37.23 -57.02
VILLA_GESELL_AERO,05/AGO/2022,03Hs,3.3,255,11,0.0,-37.23 -57.02
VILLA_GESELL_AERO,05/AGO/2022,06Hs,2.2,220,12,0.0,-37.23 -57.02
VILLA_GESELL_AERO,05/AGO/2022,09Hs,3.9,232,8,0.0,-37.23 -57.02
VILLA_GESELL_AERO,05/AGO/2022,12Hs,10.4,221,12,0.0,-37.23 -57.02
VILLA_GESELL_AERO,05/AGO/2022,15Hs,12.4,239,11,0.0,-37.23 -57.02
VILLA_GESELL_AERO,05/AGO/2022,18Hs,8.4,291,1,0.0,-37.23 -57.02
VILLA_GESELL_AERO,05/AGO/2022,21Hs,5.7,52,11,0.0,-37.23 -57.02
VILLA_GESELL_AERO,06/AGO/2022,00Hs,4.5,2,10,0.0,-37.23 -57.02
VILLA_GESELL_AERO,06/AGO/2022,03Hs,4.2,299,6,0.0,-37.23 -57.02
VILLA_GESELL_AERO,06/AGO/2022,06Hs,3.4,247,5,0.0,-37.23 -57.02
VILLA_GESELL_AERO,06/AGO/2022,09Hs,5.0,163,7,0.0,-37.23 -57.02
VILLA_GESELL_AERO,06/AGO/2022,12Hs,10.4,157,13,0.0,-37.23 -57.02
VILLA_GESELL_AERO,06/AGO/2022,15Hs,11.9,159,13,0.0,-37.23 -57.02
VILLA_GESELL_AERO,06/AGO/2022,18Hs,8.4,126,12,0.0,-37.23 -57.02
VILLA_GESELL_AERO,06/AGO/2022,21Hs,5.5,138,12,0.0,-37.23 -57.02
VILLA_GESELL_AERO,07/AGO/2022,00Hs,5.8,142,9,0.0,-37.23 -57.02
VILLA_GESELL_AERO,07/AGO/2022,03Hs,5.4,164,11,0.0,-37.23 -57.02
VILLA_GESELL_AERO,07/AGO/2022,06Hs,5.1,162,10,0.0,-37.23 -57.02
VILLA_GESELL_AERO,07/AGO/2022,09Hs,6.0,158,12,0.0,-37.23 -57.02
VILLA_GESELL_AERO,07/AGO/2022,12Hs,9.1,133,16,0.0,-37.23 -57.02
VILLA_GESELL_AERO,07/AGO/2022,15Hs,9.6,127,15,0.0,-37.23 -57.02
VILLA_GESELL_AERO,07/AGO/2022,18Hs,6.7,125,16,0.0,-37.23 -57.02
VILLA_GESELL_AERO,07/AGO/2022,21Hs,5.0,129,11,0.0,-37.23 -57.02
VILLA_GESELL_AERO,08/AGO/2022,00Hs,4.6,138,10,0.0,-37.23 -57.02
VILLA_GESELL_AERO,08/AGO/2022,03Hs,3.9,135,11,0.0,-37.23 -57.02
VILLA_GESELL_AERO,08/AGO/2022,06Hs,3.8,145,11,0.0,-37.23 -57.02
VILLA_GESELL_AERO,08/AGO/2022,09Hs,5.8,139,11,0.0,-37.23 -57.02
VILLA_GESELL_AERO,08/AGO/2022,12Hs,11.4,100,16,0.0,-37.23 -57.02
VILLA_GESELL_AERO,08/AGO/2022,15Hs,11.8,111,19,0.0,-37.23 -57.02
VILLA_GESELL_AERO,08/AGO/2022,18Hs,7.7,114,19,0.0,-37.23 -57.02
VILLA_GESELL_AERO,08/AGO/2022,21Hs,5.7,124,12,0.0,-37.23 -57.02
VILLA_GESELL_AERO,09/AGO/2022,00Hs,5.3,126,12,0.0,-37.23 -57.02
VILLA_GESELL_AERO,09/AGO/2022,03Hs,4.8,118,11,0.0,-37.23 -57.02
VILLA_GESELL_AERO,09/AGO/2022,06Hs,4.3,117,9,0.0,-37.23 -57.02
VILLA_GESELL_AERO,09/AGO/2022,09Hs,6.4,136,8,0.0,-37.23 -57.02
VILLA_GESELL_AERO,09/AGO/2022,12Hs,12.0,67,11,0.0,-37.23 -57.02
VILLA_GESELL_AERO,09/AGO/2022,15Hs,12.4,58,12,0.0,-37.23 -57.02
VILLA_GESELL_AERO,09/AGO/2022,18Hs,9.1,62,12,0.0,-37.23 -57.02
VILLA_GESELL_AERO,09/AGO/2022,21Hs,5.3,66,13,0.0,-37.23 -57.02
VILLA_MARIA_DEL_RIO_SECO,05/AGO/2022,00Hs,9.2,314,6,0.0,-37.23 -57.02
VILLA_MARIA_DEL_RIO_SECO,05/AGO/2022,03Hs,8.4,326,6,0.0,-37.23 -57.02
VILLA_MARIA_DEL_RIO_SECO,05/AGO/2022,06Hs,7.2,337,6,0.0,-37.23 -57.02
VILLA_MARIA_DEL_RIO_SECO,05/AGO/2022,09Hs,8.8,352,5,0.0,-37.23 -57.02
VILLA_MARIA_DEL_RIO_SECO,05/AGO/2022,12Hs,14.6,52,17,0.0,-37.23 -57.02
VILLA_MARIA_DEL_RIO_SECO,05/AGO/2022,15Hs,16.6,52,19,0.0,-37.23 -57.02
VILLA_MARIA_DEL_RIO_SECO,05/AGO/2022,18Hs,15.6,74,17,0.0,-37.23 -57.02
VILLA_MARIA_DEL_RIO_SECO,05/AGO/2022,21Hs,9.6,36,9,0.0,-37.23 -57.02
VILLA_MARIA_DEL_RIO_SECO,06/AGO/2022,00Hs,7.6,44,3,0.0,-37.23 -57.02
VILLA_MARIA_DEL_RIO_SECO,06/AGO/2022,03Hs,6.1,195,6,0.0,-37.23 -57.02
VILLA_MARIA_DEL_RIO_SECO,06/AGO/2022,06Hs,4.6,205,8,0.0,-37.23 -57.02
VILLA_MARIA_DEL_RIO_SECO,06/AGO/2022,09Hs,6.1,196,8,0.0,-37.23 -57.02
VILLA_MARIA_DEL_RIO_SECO,06/AGO/2022,12Hs,11.1,122,11,0.0,-37.23 -57.02
VILLA_MARIA_DEL_RIO_SECO,06/AGO/2022,15Hs,13.6,131,13,0.0,-37.23 -57.02
VILLA_MARIA_DEL_RIO_SECO,06/AGO/2022,18Hs,11.9,142,15,0.0,-37.23 -57.02
VILLA_MARIA_DEL_RIO_SECO,06/AGO/2022,21Hs,7.6,205,10,0.0,-37.23 -57.02
VILLA_MARIA_DEL_RIO_SECO,07/AGO/2022,00Hs,9.1,192,8,0.0,-37.23 -57.02
VILLA_MARIA_DEL_RIO_SECO,07/AGO/2022,03Hs,8.7,184,10,0.0,-37.23 -57.02
VILLA_MARIA_DEL_RIO_SECO,07/AGO/2022,06Hs,7.2,208,9,0.0,-37.23 -57.02
VILLA_MARIA_DEL_RIO_SECO,07/AGO/2022,09Hs,8.1,173,11,0.0,-37.23 -57.02
VILLA_MARIA_DEL_RIO_SECO,07/AGO/2022,12Hs,9.8,161,15,0.0,-37.23 -57.02
VILLA_MARIA_DEL_RIO_SECO,07/AGO/2022,15Hs,11.9,149,16,0.0,-37.23 -57.02
VILLA_MARIA_DEL_RIO_SECO,07/AGO/2022,18Hs,11.7,132,18,0.0,-37.23 -57.02
VILLA_MARIA_DEL_RIO_SECO,07/AGO/2022,21Hs,10.0,175,9,0.0,-37.23 -57.02
VILLA_MARIA_DEL_RIO_SECO,08/AGO/2022,00Hs,9.7,125,8,0.0,-37.23 -57.02
VILLA_MARIA_DEL_RIO_SECO,08/AGO/2022,03Hs,6.4,172,8,0.0,-37.23 -57.02
VILLA_MARIA_DEL_RIO_SECO,08/AGO/2022,06Hs,6.6,201,10,0.0,-37.23 -57.02
VILLA_MARIA_DEL_RIO_SECO,08/AGO/2022,09Hs,8.1,199,10,0.0,-37.23 -57.02
VILLA_MARIA_DEL_RIO_SECO,08/AGO/2022,12Hs,11.4,186,12,0.0,-37.23 -57.02
VILLA_MARIA_DEL_RIO_SECO,08/AGO/2022,15Hs,13.7,156,13,0.1,-37.23 -57.02
VILLA_MARIA_DEL_RIO_SECO,08/AGO/2022,18Hs,10.8,158,20,0.1,-37.23 -57.02
VILLA_MARIA_DEL_RIO_SECO,08/AGO/2022,21Hs,7.5,172,17,1.6,-37.23 -57.02
VILLA_MARIA_DEL_RIO_SECO,09/AGO/2022,00Hs,7.0,198,17,0.3,-37.23 -57.02
VILLA_MARIA_DEL_RIO_SECO,09/AGO/2022,03Hs,6.8,200,22,0.0,-37.23 -57.02
VILLA_MARIA_DEL_RIO_SECO,09/AGO/2022,06Hs,6.1,207,21,0.0,-37.23 -57.02
VILLA_MARIA_DEL_RIO_SECO,09/AGO/2022,09Hs,6.9,198,18,0.0,-37.23 -57.02
VILLA_MARIA_DEL_RIO_SECO,09/AGO/2022,12Hs,10.2,171,26,0.1,-37.23 -57.02
VILLA_MARIA_DEL_RIO_SECO,09/AGO/2022,15Hs,9.5,166,18,0.0,-37.23 -57.02
VILLA_MARIA_DEL_RIO_SECO,09/AGO/2022,18Hs,11.0,145,17,0.0,-37.23 -57.02
VILLA_MARIA_DEL_RIO_SECO,09/AGO/2022,21Hs,6.1,188,9,0.0,-37.23 -57.02
